3.500000 1.300000 11996.500000
2.050629 1.506986 729.074378
1.439671 1.647783 18.244720
1.306826 1.691931 0.119306
1.301130 1.693955 0.090782
1.222103 1.492745 0.049393
1.219143 1.488504 0.048505
1.189113 1.407324 0.040208
1.100180 1.200153 0.020529
1.037444 1.068009 0.008258
0.999899 0.998150 0.000272
0.998132 0.996246 0.000004
0.998127 0.996250 0.000004
0.998695 0.997474 0.000002
1.000028 1.000056 0.000000
1.000028 1.000056 0.000000
1.000027 1.000053 0.000000
1.000000 0.999999 0.000000
0.999999 0.999999 0.000000
0.999999 0.999999 0.000000
1.000000 0.999999 0.000000
1.000000 1.000000 0.000000
1.000000 1.000000 0.000000
1.000000 1.000000 0.000000
1.000000 1.000000 0.000000
1.000000 1.000000 0.000000
1.000000 1.000000 0.000000
