-1.500000 -1.000000 1062.500000
-0.632943 -0.711720 126.395836
-0.123611 -0.353812 14.885351
0.020031 -0.015791 0.986559
0.032482 0.006563 0.939125
0.251760 0.022648 0.725798
0.251760 0.022648 0.725798
0.366503 0.089169 0.605217
0.485137 0.190475 0.466537
0.623249 0.352777 0.269119
0.721925 0.519528 0.077597
0.723485 0.524854 0.076663
0.929068 0.849857 0.022749
0.929068 0.849857 0.022749
0.990067 0.972024 0.006837
1.007067 1.013761 0.000068
1.006949 1.013966 0.000048
1.006925 1.013950 0.000048
1.000705 1.001658 0.000007
0.999848 0.999699 0.000000
0.999849 0.999698 0.000000
0.999853 0.999704 0.000000
1.000002 1.000004 0.000000
1.000002 1.000005 0.000000
1.000002 1.000005 0.000000
1.000001 1.000003 0.000000
1.000000 1.000000 0.000000
1.000000 1.000000 0.000000
1.000000 1.000000 0.000000
1.000000 1.000000 0.000000
1.000000 1.000000 0.000000
1.000000 1.000000 0.000000
