0.100000 0.000100 1382
0.100000 0.001000 1025
0.100000 0.002300 1025
0.100000 0.010000 1089
0.100000 0.030000 1133
0.100000 0.060000 1346
0.100000 0.090000 1365
0.100000 0.100000 1158
0.100000 0.130000 1113
0.100000 0.160000 9259
0.100000 0.260000 8347
0.100000 0.360000 12071
0.100000 0.490000 9769
0.100000 0.491000 9549
0.100000 0.492000 10217
0.100000 0.493000 10489
0.100000 0.494000 10216
0.100000 0.495000 10095
0.100000 0.497000 10332
0.100000 0.496000 10606
0.100000 0.500000 11143
0.200000 0.000100 255
0.200000 0.001000 284
0.200000 0.002300 1087
0.200000 0.010000 1073
0.200000 0.030000 1402
0.200000 0.060000 157
0.200000 0.090000 798
0.200000 0.100000 923
0.200000 0.130000 1730
0.200000 0.160000 1231
0.200000 0.260000 1395
0.200000 0.360000 1083
0.200000 0.490000 1138
0.200000 0.491000 1261
0.200000 0.492000 1486
0.200000 0.493000 1075
0.200000 0.494000 870
0.200000 0.495000 776
0.200000 0.497000 992
0.200000 0.496000 1040
0.200000 0.500000 983
0.300000 0.000100 312
0.300000 0.001000 312
0.300000 0.002300 317
0.300000 0.010000 361
0.300000 0.030000 625
0.300000 0.060000 266
0.300000 0.090000 1013
0.300000 0.100000 972
0.300000 0.130000 427
0.300000 0.160000 120
0.300000 0.260000 448
0.300000 0.360000 126
0.300000 0.490000 824
0.300000 0.491000 825
0.300000 0.492000 825
0.300000 0.493000 748
0.300000 0.494000 748
0.300000 0.495000 607
0.300000 0.497000 607
0.300000 0.496000 607
0.300000 0.500000 646
0.400000 0.000100 443
0.400000 0.001000 426
0.400000 0.002300 111
0.400000 0.010000 112
0.400000 0.030000 146
0.400000 0.060000 394
0.400000 0.090000 633
0.400000 0.100000 226
0.400000 0.130000 276
0.400000 0.160000 183
0.400000 0.260000 99
0.400000 0.360000 92
0.400000 0.490000 474
0.400000 0.491000 684
0.400000 0.492000 520
0.400000 0.493000 450
0.400000 0.494000 411
0.400000 0.495000 522
0.400000 0.497000 381
0.400000 0.496000 520
0.400000 0.500000 105
0.500000 0.000100 137
0.500000 0.001000 137
0.500000 0.002300 137
0.500000 0.010000 173
0.500000 0.030000 306
0.500000 0.060000 309
0.500000 0.090000 212
0.500000 0.100000 196
0.500000 0.130000 113
0.500000 0.160000 153
0.500000 0.260000 66
0.500000 0.360000 80
0.500000 0.490000 102
0.500000 0.491000 102
0.500000 0.492000 105
0.500000 0.493000 105
0.500000 0.494000 105
0.500000 0.495000 105
0.500000 0.497000 105
0.500000 0.496000 105
0.500000 0.500000 105
0.600000 0.000100 183
0.600000 0.001000 183
0.600000 0.002300 183
0.600000 0.010000 351
0.600000 0.030000 302
0.600000 0.060000 216
0.600000 0.090000 119
0.600000 0.100000 126
0.600000 0.130000 110
0.600000 0.160000 219
0.600000 0.260000 57
0.600000 0.360000 71
0.600000 0.490000 77
0.600000 0.491000 77
0.600000 0.492000 77
0.600000 0.493000 77
0.600000 0.494000 91
0.600000 0.495000 111
0.600000 0.497000 113
0.600000 0.496000 113
0.600000 0.500000 113
0.700000 0.000100 287
0.700000 0.001000 249
0.700000 0.002300 249
0.700000 0.010000 231
0.700000 0.030000 202
0.700000 0.060000 160
0.700000 0.090000 164
0.700000 0.100000 146
0.700000 0.130000 93
0.700000 0.160000 240
0.700000 0.260000 83
0.700000 0.360000 47
0.700000 0.490000 58
0.700000 0.491000 58
0.700000 0.492000 74
0.700000 0.493000 74
0.700000 0.494000 74
0.700000 0.495000 63
0.700000 0.497000 131
0.700000 0.496000 63
0.700000 0.500000 55
0.890000 0.000100 555
0.890000 0.001000 595
0.890000 0.002300 423
0.890000 0.010000 561
0.890000 0.030000 420
0.890000 0.060000 281
0.890000 0.090000 251
0.890000 0.100000 199
0.890000 0.130000 355
0.890000 0.160000 249
0.890000 0.260000 131
0.890000 0.360000 67
0.890000 0.490000 53
0.890000 0.491000 53
0.890000 0.492000 188
0.890000 0.493000 132
0.890000 0.494000 133
0.890000 0.495000 41
0.890000 0.497000 41
0.890000 0.496000 41
0.890000 0.500000 78
0.990000 0.000100 8067
0.990000 0.001000 6964
0.990000 0.002300 6267
0.990000 0.010000 1354
0.990000 0.030000 4390
0.990000 0.060000 594
0.990000 0.090000 407
0.990000 0.100000 576
0.990000 0.130000 374
0.990000 0.160000 354
0.990000 0.260000 192
0.990000 0.360000 76
0.990000 0.490000 53
0.990000 0.491000 67
0.990000 0.492000 51
0.990000 0.493000 55
0.990000 0.494000 50
0.990000 0.495000 43
0.990000 0.497000 45
0.990000 0.496000 35
0.990000 0.500000 71
0.991000 0.000100 9551
0.991000 0.001000 37570
0.991000 0.002300 11089
0.991000 0.010000 7035
0.991000 0.030000 2148
0.991000 0.060000 420
0.991000 0.090000 399
0.991000 0.100000 311
0.991000 0.130000 347
0.991000 0.160000 352
0.991000 0.260000 113
0.991000 0.360000 74
0.991000 0.490000 52
0.991000 0.491000 67
0.991000 0.492000 52
0.991000 0.493000 69
0.991000 0.494000 58
0.991000 0.495000 31
0.991000 0.497000 37
0.991000 0.496000 38
0.991000 0.500000 64
0.992000 0.000100 30738
0.992000 0.001000 35972
0.992000 0.002300 20335
0.992000 0.010000 4635
0.992000 0.030000 1600
0.992000 0.060000 495
0.992000 0.090000 408
0.992000 0.100000 371
0.992000 0.130000 408
0.992000 0.160000 379
0.992000 0.260000 178
0.992000 0.360000 65
0.992000 0.490000 66
0.992000 0.491000 66
0.992000 0.492000 60
0.992000 0.493000 69
0.992000 0.494000 42
0.992000 0.495000 45
0.992000 0.497000 39
0.992000 0.496000 37
0.992000 0.500000 37
0.993000 0.000100 31013
0.993000 0.001000 10187
0.993000 0.002300 17248
0.993000 0.010000 3697
0.993000 0.030000 1344
0.993000 0.060000 454
0.993000 0.090000 415
0.993000 0.100000 249
0.993000 0.130000 322
0.993000 0.160000 329
0.993000 0.260000 196
0.993000 0.360000 67
0.993000 0.490000 69
0.993000 0.491000 69
0.993000 0.492000 59
0.993000 0.493000 57
0.993000 0.494000 57
0.993000 0.495000 65
0.993000 0.497000 44
0.993000 0.496000 45
0.993000 0.500000 72
0.994000 0.000100 8322
0.994000 0.001000 27815
0.994000 0.002300 21074
0.994000 0.010000 1449
0.994000 0.030000 3301
0.994000 0.060000 447
0.994000 0.090000 435
0.994000 0.100000 343
0.994000 0.130000 244
0.994000 0.160000 327
0.994000 0.260000 192
0.994000 0.360000 66
0.994000 0.490000 97
0.994000 0.491000 45
0.994000 0.492000 66
0.994000 0.493000 85
0.994000 0.494000 60
0.994000 0.495000 44
0.994000 0.497000 37
0.994000 0.496000 37
0.994000 0.500000 42
0.995000 0.000100 37438
0.995000 0.001000 16688
0.995000 0.002300 37751
0.995000 0.010000 10083
0.995000 0.030000 1312
0.995000 0.060000 469
0.995000 0.090000 417
0.995000 0.100000 227
0.995000 0.130000 409
0.995000 0.160000 324
0.995000 0.260000 216
0.995000 0.360000 57
0.995000 0.490000 68
0.995000 0.491000 60
0.995000 0.492000 75
0.995000 0.493000 68
0.995000 0.494000 49
0.995000 0.495000 111
0.995000 0.497000 41
0.995000 0.496000 37
0.995000 0.500000 40
0.996000 0.000100 17703
0.996000 0.001000 10913
0.996000 0.002300 10057
0.996000 0.010000 3834
0.996000 0.030000 2175
0.996000 0.060000 464
0.996000 0.090000 413
0.996000 0.100000 404
0.996000 0.130000 274
0.996000 0.160000 359
0.996000 0.260000 199
0.996000 0.360000 68
0.996000 0.490000 67
0.996000 0.491000 68
0.996000 0.492000 66
0.996000 0.493000 67
0.996000 0.494000 67
0.996000 0.495000 76
0.996000 0.497000 37
0.996000 0.496000 45
0.996000 0.500000 42
0.997000 0.000100 32854
0.997000 0.001000 56342
0.997000 0.002300 12500
0.997000 0.010000 3701
0.997000 0.030000 931
0.997000 0.060000 580
0.997000 0.090000 423
0.997000 0.100000 349
0.997000 0.130000 410
0.997000 0.160000 364
0.997000 0.260000 199
0.997000 0.360000 67
0.997000 0.490000 64
0.997000 0.491000 67
0.997000 0.492000 67
0.997000 0.493000 68
0.997000 0.494000 59
0.997000 0.495000 86
0.997000 0.497000 45
0.997000 0.496000 102
0.997000 0.500000 42
