0.100000 0.000100 923
0.100000 0.001000 910
0.100000 0.002300 910
0.100000 0.010000 911
0.100000 0.030000 937
0.100000 0.060000 828
0.100000 0.090000 827
0.100000 0.100000 827
0.100000 0.130000 816
0.100000 0.160000 805
0.100000 0.260000 824
0.100000 0.360000 833
0.100000 0.490000 821
0.100000 0.491000 826
0.100000 0.492000 844
0.100000 0.493000 844
0.100000 0.494000 844
0.100000 0.495000 844
0.100000 0.497000 869
0.100000 0.496000 908
0.100000 0.500000 883
0.200000 0.000100 15637
0.200000 0.001000 15637
0.200000 0.002300 15637
0.200000 0.010000 15637
0.200000 0.030000 15629
0.200000 0.060000 15590
0.200000 0.090000 15744
0.200000 0.100000 15715
0.200000 0.130000 15581
0.200000 0.160000 15561
0.200000 0.260000 15503
0.200000 0.360000 17385
0.200000 0.490000 18115
0.200000 0.491000 18119
0.200000 0.492000 18128
0.200000 0.493000 18125
0.200000 0.494000 18129
0.200000 0.495000 18137
0.200000 0.497000 18142
0.200000 0.496000 18144
0.200000 0.500000 18208
0.300000 0.000100 22920
0.300000 0.001000 22920
0.300000 0.002300 22920
0.300000 0.010000 22867
0.300000 0.030000 21402
0.300000 0.060000 19030
0.300000 0.090000 20040
0.300000 0.100000 18928
0.300000 0.130000 18705
0.300000 0.160000 18081
0.300000 0.260000 15508
0.300000 0.360000 16560
0.300000 0.490000 16425
0.300000 0.491000 16420
0.300000 0.492000 16420
0.300000 0.493000 16420
0.300000 0.494000 16420
0.300000 0.495000 16420
0.300000 0.497000 16420
0.300000 0.496000 16420
0.300000 0.500000 16437
0.400000 0.000100 21898
0.400000 0.001000 21898
0.400000 0.002300 21805
0.400000 0.010000 21780
0.400000 0.030000 21811
0.400000 0.060000 19919
0.400000 0.090000 19654
0.400000 0.100000 19647
0.400000 0.130000 19886
0.400000 0.160000 19634
0.400000 0.260000 19806
0.400000 0.360000 19543
0.400000 0.490000 19749
0.400000 0.491000 19480
0.400000 0.492000 19746
0.400000 0.493000 19739
0.400000 0.494000 19746
0.400000 0.495000 19746
0.400000 0.497000 19751
0.400000 0.496000 19746
0.400000 0.500000 19748
0.500000 0.000100 23449
0.500000 0.001000 22898
0.500000 0.002300 23406
0.500000 0.010000 22811
0.500000 0.030000 19695
0.500000 0.060000 19671
0.500000 0.090000 23207
0.500000 0.100000 22764
0.500000 0.130000 22726
0.500000 0.160000 5888
0.500000 0.260000 2711
0.500000 0.360000 1440
0.500000 0.490000 2163
0.500000 0.491000 2306
0.500000 0.492000 2298
0.500000 0.493000 1945
0.500000 0.494000 2163
0.500000 0.495000 2177
0.500000 0.497000 2152
0.500000 0.496000 2093
0.500000 0.500000 2364
0.600000 0.000100 19984
0.600000 0.001000 19960
0.600000 0.002300 19860
0.600000 0.010000 19541
0.600000 0.030000 17748
0.600000 0.060000 20442
0.600000 0.090000 20320
0.600000 0.100000 20234
0.600000 0.130000 19299
0.600000 0.160000 18057
0.600000 0.260000 17241
0.600000 0.360000 16242
0.600000 0.490000 14996
0.600000 0.491000 14978
0.600000 0.492000 14977
0.600000 0.493000 14724
0.600000 0.494000 14655
0.600000 0.495000 14548
0.600000 0.497000 14444
0.600000 0.496000 14462
0.600000 0.500000 14416
0.700000 0.000100 32438
0.700000 0.001000 32451
0.700000 0.002300 32432
0.700000 0.010000 26402
0.700000 0.030000 24100
0.700000 0.060000 20631
0.700000 0.090000 23198
0.700000 0.100000 23168
0.700000 0.130000 23347
0.700000 0.160000 23259
0.700000 0.260000 21490
0.700000 0.360000 21983
0.700000 0.490000 8745
0.700000 0.491000 8679
0.700000 0.492000 8640
0.700000 0.493000 8541
0.700000 0.494000 8486
0.700000 0.495000 8546
0.700000 0.497000 8495
0.700000 0.496000 8529
0.700000 0.500000 8407
0.890000 0.000100 35162
0.890000 0.001000 35149
0.890000 0.002300 35160
0.890000 0.010000 35064
0.890000 0.030000 28546
0.890000 0.060000 24965
0.890000 0.090000 25773
0.890000 0.100000 25706
0.890000 0.130000 24754
0.890000 0.160000 24452
0.890000 0.260000 24180
0.890000 0.360000 23982
0.890000 0.490000 7449
0.890000 0.491000 7096
0.890000 0.492000 6326
0.890000 0.493000 6808
0.890000 0.494000 6557
0.890000 0.495000 6323
0.890000 0.497000 5880
0.890000 0.496000 6144
0.890000 0.500000 5553
0.990000 0.000100 97442
0.990000 0.001000 96790
0.990000 0.002300 81900
0.990000 0.010000 55320
0.990000 0.030000 36434
0.990000 0.060000 28760
0.990000 0.090000 27039
0.990000 0.100000 27100
0.990000 0.130000 25781
0.990000 0.160000 24726
0.990000 0.260000 24409
0.990000 0.360000 24206
0.990000 0.490000 23996
0.990000 0.491000 23939
0.990000 0.492000 23947
0.990000 0.493000 23926
0.990000 0.494000 23770
0.990000 0.495000 23779
0.990000 0.497000 23774
0.990000 0.496000 22808
0.990000 0.500000 457
0.991000 0.000100 97487
0.991000 0.001000 97416
0.991000 0.002300 81885
0.991000 0.010000 55405
0.991000 0.030000 36415
0.991000 0.060000 28761
0.991000 0.090000 27070
0.991000 0.100000 27117
0.991000 0.130000 25758
0.991000 0.160000 24731
0.991000 0.260000 24413
0.991000 0.360000 24204
0.991000 0.490000 23995
0.991000 0.491000 23957
0.991000 0.492000 23969
0.991000 0.493000 23891
0.991000 0.494000 23877
0.991000 0.495000 23667
0.991000 0.497000 23806
0.991000 0.496000 23905
0.991000 0.500000 553
0.992000 0.000100 114521
0.992000 0.001000 97298
0.992000 0.002300 81750
0.992000 0.010000 55502
0.992000 0.030000 36362
0.992000 0.060000 28751
0.992000 0.090000 27076
0.992000 0.100000 27156
0.992000 0.130000 26486
0.992000 0.160000 24737
0.992000 0.260000 24418
0.992000 0.360000 24203
0.992000 0.490000 24001
0.992000 0.491000 23970
0.992000 0.492000 23940
0.992000 0.493000 23933
0.992000 0.494000 23803
0.992000 0.495000 23775
0.992000 0.497000 23894
0.992000 0.496000 23588
0.992000 0.500000 447
0.993000 0.000100 133775
0.993000 0.001000 114681
0.993000 0.002300 97357
0.993000 0.010000 55640
0.993000 0.030000 36381
0.993000 0.060000 28752
0.993000 0.090000 27068
0.993000 0.100000 27205
0.993000 0.130000 26410
0.993000 0.160000 24736
0.993000 0.260000 24415
0.993000 0.360000 24208
0.993000 0.490000 24006
0.993000 0.491000 23980
0.993000 0.492000 23985
0.993000 0.493000 23900
0.993000 0.494000 23887
0.993000 0.495000 23787
0.993000 0.497000 23434
0.993000 0.496000 23697
0.993000 0.500000 403
0.994000 0.000100 178052
0.994000 0.001000 114809
0.994000 0.002300 97428
0.994000 0.010000 55690
0.994000 0.030000 36455
0.994000 0.060000 28767
0.994000 0.090000 27071
0.994000 0.100000 27199
0.994000 0.130000 26547
0.994000 0.160000 24737
0.994000 0.260000 24425
0.994000 0.360000 24208
0.994000 0.490000 23996
0.994000 0.491000 23994
0.994000 0.492000 23979
0.994000 0.493000 23923
0.994000 0.494000 23931
0.994000 0.495000 23853
0.994000 0.497000 23469
0.994000 0.496000 23739
0.994000 0.500000 273
0.995000 0.000100 134979
0.995000 0.001000 133806
0.995000 0.002300 97981
0.995000 0.010000 55946
0.995000 0.030000 36513
0.995000 0.060000 28794
0.995000 0.090000 27108
0.995000 0.100000 27232
0.995000 0.130000 25696
0.995000 0.160000 24745
0.995000 0.260000 24422
0.995000 0.360000 24209
0.995000 0.490000 24003
0.995000 0.491000 23994
0.995000 0.492000 23980
0.995000 0.493000 23943
0.995000 0.494000 23900
0.995000 0.495000 23808
0.995000 0.497000 23442
0.995000 0.496000 23750
0.995000 0.500000 335
0.996000 0.000100 219713
0.996000 0.001000 135139
0.996000 0.002300 115479
0.996000 0.010000 55995
0.996000 0.030000 36558
0.996000 0.060000 28803
0.996000 0.090000 27140
0.996000 0.100000 27232
0.996000 0.130000 26419
0.996000 0.160000 24745
0.996000 0.260000 24426
0.996000 0.360000 24212
0.996000 0.490000 24012
0.996000 0.491000 24005
0.996000 0.492000 23981
0.996000 0.493000 23959
0.996000 0.494000 23921
0.996000 0.495000 23867
0.996000 0.497000 23538
0.996000 0.496000 23675
0.996000 0.500000 273
0.997000 0.000100 256500
0.997000 0.001000 178518
0.997000 0.002300 115483
0.997000 0.010000 55987
0.997000 0.030000 36546
0.997000 0.060000 28801
0.997000 0.090000 27154
0.997000 0.100000 27273
0.997000 0.130000 25824
0.997000 0.160000 24751
0.997000 0.260000 24423
0.997000 0.360000 24213
0.997000 0.490000 24010
0.997000 0.491000 24002
0.997000 0.492000 23994
0.997000 0.493000 23974
0.997000 0.494000 23933
0.997000 0.495000 23837
0.997000 0.497000 23651
0.997000 0.496000 23776
0.997000 0.500000 454
