3.500000 1.300000 11996.500000
2.069498 1.504291 773.166970
1.453852 1.652896 21.438599
1.312772 1.701251 0.146758
1.305032 1.704048 0.093133
1.303117 1.701039 0.092736
1.303730 1.700649 0.092340
1.301811 1.697632 0.091943
1.302423 1.697242 0.091547
1.300371 1.693961 0.091120
1.301010 1.693561 0.090694
1.298934 1.690230 0.090262
1.299576 1.689830 0.089833
1.297344 1.686186 0.089364
1.298016 1.685774 0.088900
1.295724 1.682009 0.088419
1.296404 1.681594 0.087942
1.293916 1.677425 0.087415
1.294631 1.676997 0.086894
1.292009 1.672556 0.086338
1.292747 1.672120 0.085786
1.289855 1.667117 0.085166
1.290636 1.666665 0.084555
1.287426 1.661002 0.083863
1.288258 1.660530 0.083177
1.284547 1.653799 0.082365
1.285449 1.653300 0.081566
1.280745 1.644434 0.080520
1.281781 1.643883 0.079485
1.274447 1.629190 0.077796
1.275781 1.628522 0.076137
1.268467 1.613918 0.074484
1.269787 1.613255 0.072865
1.257115 1.586520 0.069930
1.258889 1.585675 0.067100
1.224474 1.508630 0.059026
1.227400 1.507304 0.051774
1.162078 1.348644 0.026587
1.161173 1.348924 0.026013
1.152356 1.324551 0.024350
1.150887 1.325084 0.022796
1.106502 1.231575 0.016568
1.109023 1.230354 0.011904
1.105304 1.219924 0.011403
1.104460 1.220225 0.010927
1.069725 1.141370 0.005726
1.068472 1.141897 0.004695
1.047361 1.093925 0.003167
1.046097 1.094486 0.002128
1.044950 1.092726 0.002085
1.045183 1.092573 0.002044
1.044033 1.090803 0.002003
1.044265 1.090652 0.001962
1.042974 1.088625 0.001916
1.043221 1.088468 0.001871
1.041889 1.086361 0.001823
1.042136 1.086204 0.001778
1.040589 1.083699 0.001724
1.040856 1.083533 0.001672
1.039142 1.080714 0.001613
1.039421 1.080544 0.001556
1.037188 1.076746 0.001480
1.037505 1.076559 0.001409
1.033978 1.070277 0.001291
1.034370 1.070057 0.001183
1.021236 1.043177 0.000457
1.021298 1.043126 0.000454
1.021054 1.042818 0.000450
1.021122 1.042764 0.000447
1.020862 1.042433 0.000443
1.020932 1.042378 0.000439
1.020627 1.041970 0.000434
1.020704 1.041912 0.000429
1.020364 1.041445 0.000424
1.020446 1.041385 0.000419
1.020018 1.040769 0.000412
1.020112 1.040704 0.000405
1.019581 1.039906 0.000396
1.019687 1.039835 0.000388
1.018857 1.038503 0.000374
1.018993 1.038419 0.000361
1.017167 1.035224 0.000330
1.017370 1.035108 0.000302
1.015537 1.031883 0.000274
1.015731 1.031772 0.000248
1.009335 1.019433 0.000133
1.009584 1.019300 0.000092
1.009170 1.018249 0.000087
1.009082 1.018283 0.000083
1.007282 1.014274 0.000065
1.007131 1.014342 0.000051
1.004333 1.008650 0.000019
1.004310 1.008657 0.000019
1.004261 1.008504 0.000018
1.004238 1.008511 0.000018
1.004161 1.008291 0.000018
1.004133 1.008301 0.000017
1.004020 1.007997 0.000017
1.003988 1.008009 0.000016
1.003707 1.007333 0.000015
1.003662 1.007352 0.000013
1.002229 1.004417 0.000005
1.002206 1.004426 0.000005
1.001957 1.003853 0.000004
1.001927 1.003866 0.000004
1.001566 1.003213 0.000003
1.001594 1.003197 0.000003
1.001479 1.002922 0.000002
1.001461 1.002930 0.000002
1.001242 1.002437 0.000002
1.001220 1.002446 0.000001
1.001130 1.002295 0.000001
1.001141 1.002288 0.000001
1.000796 1.001647 0.000001
1.000816 1.001636 0.000001
1.000802 1.001596 0.000001
1.000797 1.001597 0.000001
1.000776 1.001540 0.000001
1.000769 1.001543 0.000001
1.000724 1.001433 0.000001
1.000716 1.001436 0.000001
1.000444 1.000856 0.000000
1.000430 1.000863 0.000000
1.000424 1.000854 0.000000
1.000425 1.000852 0.000000
1.000417 1.000841 0.000000
1.000419 1.000840 0.000000
1.000410 1.000826 0.000000
1.000412 1.000825 0.000000
1.000399 1.000807 0.000000
1.000402 1.000805 0.000000
1.000384 1.000777 0.000000
1.000387 1.000776 0.000000
1.000354 1.000719 0.000000
1.000358 1.000717 0.000000
1.000210 1.000433 0.000000
1.000215 1.000431 0.000000
1.000132 1.000276 0.000000
1.000136 1.000273 0.000000
1.000136 1.000270 0.000000
1.000135 1.000270 0.000000
1.000134 1.000267 0.000000
1.000133 1.000267 0.000000
1.000132 1.000263 0.000000
1.000131 1.000263 0.000000
1.000130 1.000258 0.000000
1.000129 1.000259 0.000000
1.000126 1.000251 0.000000
1.000126 1.000252 0.000000
1.000122 1.000242 0.000000
1.000121 1.000243 0.000000
1.000112 1.000221 0.000000
1.000111 1.000222 0.000000
1.000068 1.000133 0.000000
1.000066 1.000133 0.000000
1.000041 1.000080 0.000000
1.000040 1.000080 0.000000
1.000024 1.000048 0.000000
1.000024 1.000048 0.000000
1.000015 1.000029 0.000000
1.000014 1.000029 0.000000
1.000009 1.000017 0.000000
1.000009 1.000017 0.000000
1.000005 1.000010 0.000000
1.000005 1.000010 0.000000
1.000003 1.000006 0.000000
1.000003 1.000006 0.000000
1.000002 1.000004 0.000000
1.000002 1.000004 0.000000
1.000001 1.000002 0.000000
1.000001 1.000002 0.000000
1.000001 1.000001 0.000000
1.000001 1.000001 0.000000
1.000000 1.000001 0.000000
1.000000 1.000001 0.000000
1.000000 1.000000 0.000000
1.000000 1.000000 0.000000
1.000000 1.000000 0.000000
1.000000 1.000000 0.000000
1.000000 1.000000 0.000000
1.000000 1.000000 0.000000
1.000000 1.000000 0.000000
1.000000 1.000000 0.000000
1.000000 1.000000 0.000000
1.000000 1.000000 0.000000
1.000000 1.000000 0.000000
1.000000 1.000000 0.000000
1.000000 1.000000 0.000000
1.000000 1.000000 0.000000
1.000000 1.000000 0.000000
1.000000 1.000000 0.000000
1.000000 1.000000 0.000000
1.000000 1.000000 0.000000
1.000000 1.000000 0.000000
1.000000 1.000000 0.000000
1.000000 1.000000 0.000000
1.000000 1.000000 0.000000
1.000000 1.000000 0.000000
1.000000 1.000000 0.000000
