-1.500000 -1.000000 1062.500000
-0.643651 -0.715280 130.293808
-0.147678 -0.334306 13.998937
-0.040833 -0.008143 1.092957
-0.019049 0.010922 1.049610
-0.000027 -0.009598 1.009266
0.020989 0.010572 0.968726
0.039458 -0.007745 0.931293
0.059377 0.013140 0.894016
0.077012 -0.002934 0.859766
0.095992 0.018461 0.825780
0.112613 0.004251 0.794563
0.130491 0.025860 0.763847
0.146030 0.013384 0.735571
0.162963 0.035001 0.707761
0.177492 0.023970 0.682194
0.193253 0.045358 0.657260
0.206820 0.035622 0.634250
0.221371 0.056551 0.611957
0.234028 0.047968 0.591338
0.247445 0.068353 0.571414
0.259281 0.060723 0.552894
0.271447 0.080334 0.535211
0.282502 0.073587 0.518673
0.293539 0.092343 0.502904
0.303877 0.086370 0.488153
0.313865 0.104267 0.474095
0.323516 0.098963 0.460879
0.332907 0.116357 0.448071
0.341998 0.111501 0.435949
0.350679 0.128169 0.424315
0.359212 0.123797 0.413352
0.367385 0.139971 0.402701
0.375456 0.135936 0.392587
0.383077 0.151477 0.382831
0.390701 0.147795 0.373600
0.397811 0.162781 0.364683
0.405038 0.159381 0.356165
0.411719 0.173820 0.347931
0.418590 0.170681 0.340096
0.424706 0.184443 0.332617
0.431217 0.181567 0.325434
0.437044 0.194937 0.318463
0.443263 0.192241 0.311754
0.448746 0.205107 0.305275
0.454683 0.202606 0.299077
0.459709 0.214838 0.293144
0.465349 0.212546 0.287455
0.470175 0.224475 0.281877
0.475604 0.222298 0.276513
0.480091 0.233713 0.271346
0.485260 0.231703 0.266382
0.489708 0.243017 0.261424
0.494720 0.241068 0.256662
0.498901 0.251966 0.252038
0.503721 0.250136 0.247588
0.507586 0.260541 0.243311
0.512201 0.258841 0.239179
0.515912 0.268984 0.235136
0.520378 0.267360 0.231216
0.523851 0.277107 0.227441
0.528139 0.275586 0.223771
0.531526 0.285139 0.220153
0.535677 0.283684 0.216663
0.538943 0.293015 0.213226
0.542963 0.291620 0.209899
0.546146 0.300784 0.206613
0.550048 0.299439 0.203426
0.553154 0.308440 0.200277
0.556940 0.307144 0.197225
0.560022 0.316086 0.194186
0.563722 0.314813 0.191220
0.566709 0.323555 0.188315
0.570288 0.322338 0.185488
0.573323 0.331107 0.182633
0.576828 0.329906 0.179872
0.579817 0.338577 0.177125
0.583232 0.337407 0.174453
0.586240 0.346066 0.171768
0.589577 0.344917 0.169168
0.592619 0.353619 0.166546
0.595899 0.352475 0.163984
0.598907 0.361074 0.161445
0.602093 0.359968 0.158979
0.605226 0.368741 0.156443
0.608372 0.367628 0.153992
0.611485 0.376350 0.151538
0.614557 0.375260 0.149152
0.617791 0.384163 0.146708
0.620827 0.383065 0.144330
0.624068 0.391960 0.141949
0.627037 0.390881 0.139628
0.630426 0.400006 0.137244
0.633366 0.398917 0.134920
0.636766 0.408025 0.132591
0.639632 0.406961 0.130335
0.643267 0.416456 0.127968
0.646127 0.415367 0.125673
0.649730 0.424789 0.123386
0.652514 0.423729 0.121165
0.656418 0.433654 0.118816
0.659207 0.432562 0.116537
0.663043 0.442342 0.114278
0.665743 0.441290 0.112098
0.670015 0.451818 0.109730
0.672747 0.450715 0.107445
0.676834 0.460905 0.105220
0.679458 0.459859 0.103073
0.684164 0.471128 0.100681
0.686837 0.470017 0.098370
0.692504 0.482948 0.095701
0.695268 0.481742 0.093136
0.701588 0.495802 0.090329
0.704369 0.494559 0.087646
0.711881 0.510696 0.084549
0.714753 0.509365 0.081593
0.722166 0.525345 0.078651
0.724914 0.524079 0.075874
0.734504 0.543849 0.072384
0.737413 0.542450 0.069128
0.749963 0.567392 0.064967
0.753039 0.565858 0.061136
0.776091 0.608857 0.054411
0.779729 0.606936 0.048628
0.828903 0.695597 0.036529
0.833125 0.693325 0.027907
0.848448 0.724294 0.024930
0.850772 0.723154 0.022312
0.925221 0.854803 0.005743
0.924866 0.855089 0.005653
0.926843 0.857683 0.005535
0.926434 0.857994 0.005420
0.929320 0.862058 0.005244
0.928816 0.862416 0.005075
0.933343 0.869248 0.004797
0.932706 0.869670 0.004536
0.940180 0.881689 0.004084
0.939381 0.882184 0.003681
0.965581 0.932769 0.001203
0.965829 0.932679 0.001170
0.967343 0.936386 0.001107
0.967670 0.936252 0.001047
0.980607 0.962978 0.000569
0.981207 0.962692 0.000354
0.989063 0.977841 0.000136
0.988923 0.977924 0.000123
0.993580 0.986770 0.000060
0.993421 0.986857 0.000043
0.993580 0.987290 0.000042
0.993629 0.987272 0.000041
0.994000 0.988172 0.000038
0.994067 0.988144 0.000035
0.995127 0.990493 0.000028
0.995223 0.990449 0.000023
0.996946 0.993664 0.000015
0.996857 0.993711 0.000010
0.996895 0.993827 0.000010
0.996912 0.993821 0.000010
0.996967 0.993979 0.000009
0.996988 0.993971 0.000009
0.997067 0.994185 0.000009
0.997090 0.994176 0.000008
0.997262 0.994594 0.000008
0.997292 0.994581 0.000007
0.998056 0.996232 0.000005
0.998106 0.996209 0.000004
0.998234 0.996420 0.000003
0.998217 0.996430 0.000003
0.998517 0.996966 0.000003
0.998492 0.996980 0.000002
0.998800 0.997658 0.000002
0.998825 0.997647 0.000001
0.999141 0.998229 0.000001
0.999121 0.998239 0.000001
0.999457 0.998951 0.000000
0.999473 0.998944 0.000000
0.999687 0.999364 0.000000
0.999684 0.999366 0.000000
0.999810 0.999619 0.000000
0.999810 0.999620 0.000000
0.999811 0.999621 0.000000
0.999811 0.999621 0.000000
0.999812 0.999622 0.000000
0.999812 0.999623 0.000000
0.999813 0.999624 0.000000
0.999813 0.999624 0.000000
0.999814 0.999626 0.000000
0.999813 0.999626 0.000000
0.999815 0.999628 0.000000
0.999814 0.999628 0.000000
0.999816 0.999630 0.000000
0.999815 0.999630 0.000000
0.999817 0.999632 0.000000
0.999817 0.999632 0.000000
0.999818 0.999634 0.000000
0.999818 0.999635 0.000000
0.999819 0.999637 0.000000
0.999819 0.999637 0.000000
0.999821 0.999640 0.000000
0.999820 0.999640 0.000000
0.999822 0.999643 0.000000
0.999822 0.999643 0.000000
0.999824 0.999646 0.000000
0.999823 0.999646 0.000000
0.999826 0.999650 0.000000
0.999825 0.999650 0.000000
0.999828 0.999654 0.000000
0.999828 0.999654 0.000000
0.999831 0.999659 0.000000
0.999830 0.999659 0.000000
0.999834 0.999665 0.000000
0.999833 0.999666 0.000000
0.999838 0.999674 0.000000
0.999837 0.999674 0.000000
0.999845 0.999687 0.000000
0.999844 0.999688 0.000000
0.999859 0.999713 0.000000
0.999857 0.999714 0.000000
0.999915 0.999828 0.000000
0.999914 0.999829 0.000000
0.999923 0.999844 0.000000
0.999922 0.999844 0.000000
0.999954 0.999906 0.000000
0.999953 0.999906 0.000000
0.999972 0.999944 0.000000
0.999972 0.999944 0.000000
0.999974 0.999947 0.000000
0.999974 0.999948 0.000000
0.999984 0.999968 0.000000
0.999984 0.999969 0.000000
0.999991 0.999981 0.000000
0.999991 0.999981 0.000000
0.999991 0.999982 0.000000
0.999991 0.999982 0.000000
0.999992 0.999983 0.000000
0.999992 0.999983 0.000000
0.999995 0.999990 0.000000
0.999995 0.999990 0.000000
0.999995 0.999990 0.000000
0.999995 0.999991 0.000000
0.999997 0.999994 0.000000
0.999997 0.999994 0.000000
0.999998 0.999997 0.000000
0.999998 0.999997 0.000000
0.999999 0.999998 0.000000
0.999999 0.999998 0.000000
0.999999 0.999999 0.000000
0.999999 0.999999 0.000000
1.000000 0.999999 0.000000
1.000000 0.999999 0.000000
1.000000 1.000000 0.000000
1.000000 1.000000 0.000000
1.000000 1.000000 0.000000
1.000000 1.000000 0.000000
1.000000 1.000000 0.000000
1.000000 1.000000 0.000000
1.000000 1.000000 0.000000
1.000000 1.000000 0.000000
1.000000 1.000000 0.000000
1.000000 1.000000 0.000000
1.000000 1.000000 0.000000
1.000000 1.000000 0.000000
1.000000 1.000000 0.000000
1.000000 1.000000 0.000000
1.000000 1.000000 0.000000
1.000000 1.000000 0.000000
1.000000 1.000000 0.000000
1.000000 1.000000 0.000000
1.000000 1.000000 0.000000
1.000000 1.000000 0.000000
1.000000 1.000000 0.000000
1.000000 1.000000 0.000000
1.000000 1.000000 0.000000
1.000000 1.000000 0.000000
