121243735.319104
5492378.475698
3207263.339322
3193375.792265
3159052.653913
3113928.994632
3110008.717179
3107790.982054
3107105.426790
3107103.834307
3107103.665277
3107103.326798
3107103.326798
3107102.650246
3107102.650246
3107102.565651
3107102.565651
3107102.565651
3107102.565651
3107102.565651
3107102.565651
3107102.565651
3107102.565651
3107102.565651
3107102.565651
3107102.565651
3107102.565651
3107102.565651
3107102.565651
3107099.967469
3107099.967469
3107099.967469
3107099.967469
3107099.967469
3107099.967469
3107099.967469
3107099.967469
3107099.967469
3107099.967469
3107099.967469
3107099.967469
3107099.967469
3107099.967469
3107099.967469
3107099.967469
3107099.967469
3107098.957795
3107093.543609
3107093.543609
3107093.543609
3107093.543609
3107093.543609
3107093.543609
3107093.543609
3107093.543609
3107093.543609
3107093.543609
3107093.543609
3107093.543609
3107093.543609
3107093.543609
3107093.543609
3107093.543609
3107093.543609
3107092.893042
3107091.761064
3107091.761064
3107091.761064
3107091.761064
3107091.761064
3107091.761064
3107091.761064
3107091.761064
3107091.761064
3107091.761064
3107091.761064
3107091.761064
3107091.761064
3107063.121802
3107031.667092
3107031.050752
3107030.742571
3107030.742571
3107029.509887
3107029.509887
3091060.141236
3088218.862795
3088076.839051
3088050.550172
3088023.965637
3088023.965637
3088023.934621
3088023.897317
3088023.078828
3088022.727013
3088022.727013
3088022.727013
3088021.254439
3088020.544239
3088020.544239
3088020.544239
3088020.544239
3088020.544239
3088020.501954
3088020.501954
3088020.501954
3088020.501954
3088020.501954
3088020.501954
3088020.501954
3088020.501954
3088020.501954
3088020.501954
3088020.501954
3088020.501954
3088020.501954
3088020.501954
3088020.501954
3088020.501954
3088020.501954
3088020.501954
3088020.501954
3088020.501954
3088020.501954
3088020.501954
3088020.501954
3088020.501954
3088020.501954
3088020.501954
3088020.501954
3088020.501954
3088020.501954
3088020.501954
3088005.582896
3087995.556173
3087988.382067
3087988.382067
3087987.271706
3087984.611541
3087984.611541
3087984.611541
3087984.611541
3087984.611541
3087984.611541
3087984.611541
3087984.611541
3087984.611541
3081968.285138
3080514.956697
3080429.523764
3080019.676096
3079514.206701
3079500.809665
3079481.062773
3079471.190330
3079463.289851
3079461.880091
3079461.571054
3079461.571054
3079456.634792
3079411.505253
3079405.864157
3079405.247397
3079405.247397
3079405.247397
3079405.247397
3079405.247397
3079405.247397
3079405.247397
3079405.247397
3079405.247397
3079405.247397
3079405.247397
3079393.607746
3079393.607746
3079393.607746
3079393.607746
3079393.607746
3079393.607746
3079393.607746
3079393.607746
3079393.607746
3079393.607746
3079393.607746
3079393.607746
3079393.607746
3079393.607746
3079393.607746
3079393.607746
3079393.607746
3079393.607746
3079393.607746
3079393.607746
3079393.607746
3079393.607746
3079393.607746
3079393.607746
3079393.607746
3079393.607746
3079393.607746
3079393.607746
3079393.607746
3079393.607746
3079393.607746
3079393.607746
3079393.607746
3079393.607746
3079393.607746
3079393.607746
3079393.607746
3079393.607746
3079393.607746
3079393.607746
3079393.607746
3079393.607746
3079393.607746
3079393.607746
3079393.607746
3079393.607746
3079393.607746
3079393.607746
3079393.607746
3079393.607746
3079393.607746
3079393.607746
3079393.607746
3079393.607746
3079393.607746
3079393.607746
3079393.607746
3079393.607746
3079393.607746
3079393.607746
3079393.607746
3079393.607746
3079393.607746
3079393.607746
3079393.607746
3079393.607746
3079393.607746
3079393.607746
3079393.607746
3079393.607746
3079393.607746
3079393.607746
3079393.607746
3079393.607746
3079393.607746
3079393.607746
3079393.607746
3079393.607746
3079393.607746
3079393.607746
3079393.607746
3079393.607746
3079393.607746
3079393.607746
3079393.607746
3079393.607746
3079393.607746
3079393.607746
3079393.607746
3079393.607746
3079393.607746
3079393.607746
3079393.607746
3079393.607746
3079393.607746
3079393.607746
3079393.607746
3079393.607746
3079393.607746
3079393.607746
3079393.607746
3079393.607746
3079393.607746
3079393.607746
3079393.607746
3079393.607746
3079393.607746
3079393.607746
3079393.607746
3079393.607746
3079393.607746
3079393.607746
3079393.607746
3079393.607746
3079393.607746
3079393.607746
3079393.607746
3079393.607746
3079393.607746
3079393.607746
3079393.607746
3079393.607746
3079393.607746
3079393.607746
3079393.607746
3079393.607746
3079393.607746
3079393.607746
3079393.607746
3079393.607746
3079393.607746
3079393.607746
3079393.607746
3079393.607746
3079393.607746
3079393.607746
3079393.607746
3079393.607746
3079393.607746
3079393.607746
3079393.607746
3079393.607746
3079393.607746
3079393.607746
3079393.607746
3079393.607746
3079393.607746
3079393.607746
3079393.607746
3079393.607746
3079393.607746
3079393.607746
3079393.607746
3079393.607746
3079393.607746
3079393.607746
3079393.607746
3079393.607746
3079393.607746
3079393.607746
3079393.607746
3079393.607746
3079393.607746
3079393.607746
3079393.607746
3079393.607746
3079393.607746
3079393.607746
3079393.607746
3079393.607746
3079393.607746
3079393.607746
3079393.607746
3079393.607746
3079393.607746
3079393.607746
3079393.607746
3079393.607746
3079393.607746
3079393.607746
3079393.607746
3079393.607746
3079393.607746
3079393.607746
3079393.607746
3079393.607746
3079393.607746
3079393.607746
3079393.607746
3079393.607746
3079393.607746
3024531.682846
2996287.665377
2994223.217559
2993979.914041
2993824.769668
2993821.644300
2993821.644300
2993821.644300
2993821.644300
2993821.644300
2993820.861324
2993820.861324
2993820.861324
2993820.861324
2993820.861324
2993820.861324
2993820.861324
2993820.861324
2993820.861324
2993820.861324
2993820.861324
2993820.861324
2993820.861324
2993820.861324
2993820.861324
2993820.861324
2993820.861324
2993820.861324
2993820.861324
2993820.861324
2993820.861324
2993820.861324
2993820.861324
2993820.861324
2993820.861324
2993820.861324
2993820.861324
2993820.861324
2993820.861324
2993820.861324
2993820.861324
2993820.861324
2993820.861324
2993820.861324
2993820.861324
2993820.861324
2993820.861324
2993820.861324
2993820.861324
2993820.861324
2993820.861324
2993820.861324
2993820.861324
2993820.861324
2993820.861324
2993820.861324
2993820.861324
2993820.861324
2993820.861324
2993820.861324
2993820.861324
2993820.861324
2993820.861324
2993820.861324
2993820.861324
2993820.861324
2993820.861324
2993820.861324
2993820.861324
2993820.861324
2993820.861324
2993820.861324
2993820.861324
2993820.861324
2993820.861324
2993820.861324
2993820.861324
2993820.861324
2993820.861324
2993820.861324
2993820.861324
2993820.861324
2993820.861324
2993820.861324
2993820.861324
2993820.861324
2993820.861324
2993820.861324
2993820.861324
2993820.861324
2993820.861324
2993820.861324
2993820.861324
2993820.861324
2993820.861324
2993820.861324
2993820.861324
2993820.861324
2993820.861324
2993820.861324
2993820.861324
2993820.861324
2993820.861324
2993820.861324
2993820.861324
2993820.861324
2993820.861324
2993820.861324
2993820.861324
2993820.861324
2993820.861324
2993820.861324
2993820.861324
2993820.861324
2993820.861324
2993820.861324
2993820.861324
2993820.861324
2993820.861324
2993820.861324
2993820.861324
2993820.861324
2993820.861324
2993820.861324
2993820.861324
2993820.861324
2993820.861324
2993820.861324
2993820.861324
2993820.861324
2993820.861324
2993820.861324
2993820.861324
2993820.861324
2993820.861324
2993820.861324
2993820.861324
2993820.861324
2993820.861324
2993820.861324
2993820.861324
2993820.861324
2993820.861324
2993820.861324
2993820.861324
2993820.861324
2993820.861324
2993820.861324
2993820.861324
2993820.861324
2993820.861324
2993820.861324
2993820.861324
2993820.861324
2993820.861324
2993820.861324
2993820.861324
2993820.861324
2993820.861324
2993820.861324
2993820.861324
2993820.861324
2993820.861324
2993820.861324
2993820.861324
2993820.861324
2993820.861324
2993820.861324
2993820.861324
2993820.861324
2993820.861324
2993820.861324
2993820.861324
2993820.861324
2993820.861324
2993820.861324
2993820.861324
2993820.861324
2993820.861324
2993820.861324
2993820.861324
2993820.861324
2993820.861324
2993820.861324
2993820.861324
2993820.861324
2993820.861324
2993820.861324
2993820.861324
2993820.861324
2993820.861324
2993820.861324
2993820.861324
2993820.861324
2993820.861324
2993820.861324
2993820.861324
2993820.861324
2993820.861324
2993820.861324
2993820.861324
2993820.861324
2993820.861324
2993820.861324
2993820.861324
2993820.861324
2993820.861324
2993820.861324
2993820.861324
2993820.861324
2993820.861324
2993820.861324
2993820.861324
2993820.861324
2993820.861324
2993820.861324
2993820.861324
2993820.861324
2993820.861324
2993820.861324
2993820.861324
2993820.861324
2993820.861324
2993820.861324
2993820.861324
2993820.861324
2993820.861324
2993820.861324
2993820.861324
2993820.861324
2993820.861324
2993820.861324
2993820.861324
2993820.861324
2993820.861324
2993820.861324
2993820.861324
2993820.861324
2993820.861324
2993820.861324
2993820.861324
2993820.861324
2993820.861324
2993820.861324
2993820.861324
2993820.861324
2993820.861324
2993820.861324
2993820.861324
2993820.861324
2993820.861324
2993820.861324
2993820.861324
2993820.861324
2993820.861324
2993820.861324
2993820.861324
2993820.861324
2993820.861324
2993820.861324
2993820.861324
2993820.861324
2993820.861324
2993820.861324
2993820.861324
2993820.861324
2993820.861324
2993820.861324
2993820.861324
2993820.861324
2993820.861324
2993820.861324
2993820.861324
2993820.861324
2993820.861324
2993820.861324
2993820.861324
2993820.861324
2993820.861324
2993820.861324
2993820.861324
2993820.861324
2993820.861324
2993820.861324
2993820.861324
2993820.861324
2993820.861324
2993820.861324
2993820.861324
2993820.861324
2993820.861324
2993820.861324
2993820.861324
2993820.861324
2993820.861324
2993820.861324
2993820.861324
2993820.861324
2993820.861324
2993820.861324
2993820.861324
2993820.861324
2993820.861324
2993820.861324
2993820.861324
2993820.861324
2993820.861324
2993820.861324
2993820.861324
2993820.861324
2993820.861324
2993820.861324
2993820.861324
2993820.861324
2993820.861324
2993820.861324
2993820.861324
2993820.861324
2993820.861324
2993820.861324
2993820.861324
2993820.861324
2993820.861324
2993820.861324
2993820.861324
2993820.861324
2993820.861324
2993820.861324
2993820.861324
2993820.861324
2993820.861324
2993820.861324
2993820.861324
2993820.861324
2993820.861324
2993820.861324
2993820.861324
2993820.861324
2993820.861324
2993820.861324
2993820.861324
2993820.861324
2993820.861324
2993820.861324
2993820.861324
2993820.861324
2993820.861324
2993820.861324
2993820.861324
2993820.861324
2993820.861324
2993820.861324
2993820.861324
2993820.861324
2993820.861324
2993820.861324
2993820.861324
2993820.861324
2993820.861324
2993820.861324
2993820.861324
2993820.861324
2993820.861324
2993820.861324
2993820.861324
2993820.861324
2993820.861324
2993820.861324
2993820.861324
2993820.861324
2993820.861324
2993820.861324
2993820.861324
2993820.861324
2993820.861324
2993820.861324
2993820.861324
2993820.861324
2993820.861324
2993820.861324
2993820.861324
2993820.861324
2993820.861324
2993820.861324
2993820.861324
2993820.861324
2993820.861324
2993820.861324
2993820.861324
2993817.049120
2993817.049120
2993817.049120
2993817.049120
2993817.049120
2993817.049120
2993817.049120
2993815.873549
2993815.873549
2993815.873549
2993815.873549
2993815.873549
2993815.873549
2993815.873549
2993815.873549
2993815.873549
2993815.873549
2993815.873549
2993815.873549
2993815.873549
2993815.873549
2993815.873549
2993815.873549
2993815.873549
2993815.873549
2993815.873549
2993815.873549
2993815.873549
2993815.873549
2993815.873549
2993815.873549
2993815.873549
2993815.873549
2993815.873549
2993815.873549
2993815.873549
2993815.873549
2993815.873549
2993815.873549
2993815.873549
2993815.873549
2993815.873549
2993815.873549
2993815.873549
2993815.873549
2993815.873549
2993815.873549
2993815.873549
2993815.873549
2993815.873549
2993815.873549
2993815.873549
2993815.873549
2993815.873549
2993815.873549
2993815.873549
2993815.873549
2993815.873549
2993815.873549
2993815.873549
2993815.873549
2993815.873549
2993815.873549
2993815.873549
2993815.873549
2993815.873549
2993815.873549
2993815.873549
2993815.873549
2993815.873549
2993815.873549
2993815.873549
2993815.873549
2993815.873549
2993815.873549
2993815.873549
2993815.873549
2993815.873549
2993815.873549
2993815.873549
2993815.873549
2993815.873549
2993815.873549
2993815.873549
2993815.873549
2993815.873549
2993815.873549
2993815.873549
2993815.873549
2993815.873549
2993815.873549
2993815.873549
2993815.873549
2993815.873549
2993815.873549
2993815.873549
2993815.873549
2993815.873549
2993815.873549
2993815.873549
2993815.873549
2993815.873549
2993815.873549
2993815.873549
2993815.873549
2993815.873549
2993815.873549
2993815.873549
2993815.873549
2993815.873549
2993815.873549
2993815.873549
2993815.873549
2993815.873549
2742448.522015
2642864.401495
2634494.163765
2633916.960811
2633589.980677
2633589.417604
2633557.281738
2633552.008097
2633548.820655
2633541.711711
2633541.711711
2633541.711711
2633541.711711
2633541.711711
2633541.711711
2633541.711711
2633540.986306
2633523.465115
2633523.465115
2633523.313458
2633523.313458
2633523.225839
2633523.225839
2633523.225839
2633523.225839
2633523.225839
2633523.225839
2633523.225839
2633523.225839
2633523.225839
2633523.225839
2633523.225839
2633523.225839
2633523.225839
2633523.225839
2633523.225839
2631303.657497
2629393.084167
2629247.735872
2629154.338563
2628965.664301
2628965.664301
2628963.531246
2628940.161291
2628939.810069
2628939.810069
2628920.977365
2628910.210183
2628909.969592
2628909.969592
2628909.969592
2628909.969592
2628909.969592
2628909.969592
2628909.969592
2628909.969592
2628909.969592
2628909.969592
2628909.969592
2628909.969592
2628909.969592
2628909.969592
2628909.969592
2628909.969592
2628909.969592
2628909.969592
2628909.969592
2628909.969592
2628909.969592
2628909.969592
2628909.969592
2628909.969592
2628909.969592
2628909.969592
2628909.969592
2628909.969592
2628909.969592
2628909.969592
2628909.969592
2628909.969592
2628909.969592
2628909.969592
2628909.969592
2628909.969592
2628909.969592
2628909.969592
2628909.969592
2628909.969592
2628909.969592
2628909.969592
2628909.969592
2628909.969592
2628909.969592
2628909.969592
2628909.969592
2628909.969592
2628909.969592
2628909.969592
2628909.969592
2628909.969592
2628909.969592
2628909.969592
2628909.969592
2628909.969592
2628909.969592
2628909.969592
2628909.969592
2628909.969592
2628909.969592
2628909.969592
2628909.969592
2628909.969592
2628909.969592
2628909.969592
2628909.969592
2628909.969592
2628909.969592
2628909.969592
2628909.969592
2628909.969592
2628909.969592
2628909.969592
2628909.969592
2628909.969592
2628909.969592
2628909.969592
2628909.969592
2628909.969592
2628909.969592
2628909.969592
2628909.969592
2628909.969592
2628909.969592
2628909.969592
2628909.969592
2628909.969592
2628909.969592
2628909.969592
2628909.969592
2628909.969592
2628909.969592
2628909.969592
2628909.969592
2628909.969592
2628909.969592
2628909.969592
2628909.969592
2628909.969592
2628909.969592
2628909.969592
2628909.969592
2628909.969592
2628909.969592
2628909.969592
2628909.969592
2628909.969592
2628909.969592
2628909.969592
2628909.969592
2628909.969592
2628909.969592
2628909.969592
2628909.969592
2628909.969592
2628909.969592
2628909.969592
2628909.969592
2628909.969592
2628909.969592
2628909.969592
2628909.969592
2628909.969592
2628909.969592
2628909.969592
2628909.969592
2628909.969592
2628909.969592
2628909.969592
2628909.969592
2628909.969592
2628909.969592
2628909.969592
2628909.969592
2628909.969592
2628909.969592
2628909.969592
2628909.969592
2628909.969592
2628909.969592
2628909.969592
2628909.969592
2628909.969592
2628909.969592
2628909.969592
2628909.969592
2628909.969592
2628909.969592
2628909.969592
2628909.969592
2628909.969592
2628909.969592
2628909.969592
2628909.969592
2628909.969592
2628909.969592
2628909.969592
2628909.969592
2628909.969592
2628909.969592
2628909.969592
2628909.969592
2628909.969592
2628909.969592
2628909.969592
2628909.969592
2628909.969592
2628909.969592
2628909.969592
2628909.969592
2628909.969592
2628909.969592
2628909.969592
2628909.969592
2628909.969592
2628909.969592
2628909.969592
2628909.969592
2628909.969592
2628909.969592
2628909.969592
2628909.969592
2628909.969592
2628909.969592
2628909.969592
2628909.969592
2628909.969592
2628909.969592
2628909.969592
2628909.969592
2628909.969592
2628909.969592
2628909.969592
2628909.969592
2628909.969592
2628909.969592
2628909.969592
2628909.969592
2628909.969592
2628909.969592
2628909.969592
2628909.969592
2628909.969592
2628909.969592
2628909.969592
2628909.969592
2628909.969592
2628909.969592
2628909.969592
2628909.969592
2628909.969592
2628909.969592
2628909.969592
2628909.969592
2628909.969592
2628909.969592
2628909.969592
2628909.969592
2628909.969592
2628909.969592
2628909.969592
2628909.969592
2628909.969592
2628909.969592
2628909.969592
2628909.969592
2628909.969592
2628909.969592
2628909.969592
2628909.969592
2628909.969592
2628909.969592
2628909.969592
2628909.969592
2628909.969592
2628909.969592
2628909.969592
2628909.969592
2628909.969592
2628909.969592
2628909.969592
2628909.969592
2628909.969592
2628909.969592
2628909.969592
2628879.524992
2628826.400345
2628686.103866
2628430.572240
2628420.884938
2628411.353421
2628407.140672
2628398.715174
2628398.715174
2628391.255515
2628371.750120
2628371.389275
2628371.389275
2628371.389275
2628371.389275
2628371.389275
2628371.389275
2628371.389275
2628371.389275
2628371.389275
2628371.389275
2628371.389275
2628368.533436
2628331.047327
2628330.595217
2628330.595217
2628330.595217
2628330.595217
2628330.595217
2628330.595217
2628330.595217
2628330.595217
2628330.595217
2628330.595217
2628330.595217
2628330.595217
2628330.595217
2628330.595217
2628330.595217
2628330.595217
2628330.595217
2628330.414629
2628330.414629
2628330.414629
2628330.414629
2628330.414629
2628330.414629
2628330.414629
2628330.414629
2628330.414629
2628330.414629
2628330.414629
2628330.414629
2628330.414629
2628330.414629
2628323.612212
2628316.735270
2628316.735270
2628316.735270
2628316.735270
2628316.735270
2628316.549818
2628315.065455
2628315.065455
2628315.065455
2628314.801773
2628314.801773
2628314.801773
2628314.801773
2628314.801773
2628314.801773
2628314.801773
2628314.801773
2628314.801773
2628314.801773
2628314.801773
2628314.801773
2628314.801773
2628314.801773
2628314.801773
2628314.801773
2628314.801773
2628314.801773
2628314.801773
2628314.801773
2628314.801773
2628314.801773
2628314.801773
2628314.801773
2628314.801773
2628314.801773
2628314.801773
2628314.801773
2628314.801773
2628314.801773
2628314.801773
2628314.801773
2628314.801773
2628268.181241
2628268.181241
2628268.181241
2628267.883033
2628267.873753
2628267.859326
2628267.859326
2628267.859326
2628267.859326
2628267.859326
2628267.859326
2628267.859326
2628267.859326
2628267.859326
2628267.859326
2628267.859326
2628267.859326
2628267.859326
2628267.859326
2628267.859326
2628267.859326
2628267.859326
2628267.859326
2628267.859326
2628267.859326
2628267.803481
2628267.803481
2628267.803481
2628267.803481
2628267.803481
2628267.803481
2628267.803481
2628267.803481
2628267.803481
2628267.803481
2628267.803481
2628267.803481
2628267.803481
2628267.803481
2628267.803481
2628267.803481
2628267.803481
2628267.803481
2628267.803481
2628267.803481
2628267.803481
2628267.803481
2628267.803481
2628267.803481
2628267.803481
2628267.803481
2628267.803481
2628267.803481
2628267.803481
2628267.803481
2628267.803481
2628267.803481
2628267.803481
2628267.803481
2628267.803481
2628267.803481
2628267.803481
2628267.803481
2628267.803481
2628235.089990
2628235.089990
2628226.588658
2628192.714798
2628191.883131
2628191.495069
2628178.065438
2628178.065438
2628177.041500
2628177.041500
2628172.701427
2628172.701427
2628172.701427
2628171.363599
2628169.598341
2628169.598341
2628169.598341
2628169.598341
2628169.598341
2628169.598341
2628169.598341
2628169.598341
2628169.598341
2628169.598341
2628169.598341
2628169.598341
2628169.598341
2628169.598341
2628169.598341
2628169.598341
2628169.598341
2628169.598341
2628169.598341
2628169.598341
2628169.598341
2628169.598341
2628169.598341
2628169.598341
2628169.598341
2628169.598341
2628169.598341
2628169.598341
2628169.598341
2628169.598341
2628169.598341
2628169.598341
2628169.598341
2628169.598341
2628169.598341
2628163.281218
2628163.281218
2628163.281218
2628163.281218
2628163.281218
2628163.281218
2628163.281218
2628163.281218
2628163.281218
2628163.281218
2628163.281218
2628163.281218
2628163.281218
2628163.281218
2628163.281218
2628163.281218
2628163.281218
2628163.281218
2628163.281218
2628163.281218
2628163.281218
2628163.281218
2628163.281218
2628163.281218
2628163.281218
2628163.281218
2628163.281218
2628163.281218
2628163.281218
2628163.281218
2628163.281218
2628163.281218
2628163.281218
2628163.281218
2628163.281218
2628163.281218
2628163.281218
2628163.281218
2628163.281218
2628163.281218
2628163.281218
2628163.281218
2628163.281218
2628163.281218
2628163.281218
2628163.281218
2628163.281218
2628163.281218
2628163.281218
2628163.281218
2628163.281218
2628163.281218
2628163.281218
2628163.281218
2628163.281218
2628163.281218
2628163.281218
2628163.281218
2628163.281218
2628163.281218
2628163.281218
2628163.281218
2628163.281218
2628163.281218
2628163.281218
2628163.281218
2628163.281218
2628163.281218
2628163.281218
2628163.281218
2628163.281218
2628163.281218
2628163.281218
2628163.281218
2628163.281218
2628163.281218
2628163.281218
2628163.281218
2628163.281218
2628163.281218
2628163.281218
2628163.281218
2628163.281218
2628163.281218
2628163.281218
2628163.281218
2628163.281218
2628163.281218
2628163.281218
2628163.281218
2628163.281218
2628163.281218
2628163.281218
2628163.281218
2628163.281218
2628163.281218
2628163.281218
2628163.281218
2628163.281218
2628163.281218
2628163.281218
2628163.281218
2628163.281218
2628163.281218
2628163.281218
2628163.281218
2628163.281218
2628163.281218
2628163.281218
2628163.281218
2628163.281218
2628163.281218
2628163.281218
2628163.281218
2628163.281218
2628163.281218
2628163.281218
2628163.281218
2628163.281218
2628163.281218
2628163.281218
2628163.281218
2628163.281218
2628163.281218
2628163.281218
2628163.281218
2628163.281218
2628163.281218
2628163.281218
2628163.281218
2628163.281218
2628163.281218
2628163.281218
2628163.281218
2628163.281218
2628163.281218
2628163.281218
2628163.281218
2628163.281218
2628163.281218
2628163.281218
2628163.281218
2628163.281218
2628163.281218
2628163.281218
2628163.281218
2628163.281218
2628163.281218
2628163.281218
2628163.281218
2628163.281218
2628163.281218
2628163.281218
2628163.281218
2628163.281218
2628163.281218
2628163.281218
2628163.281218
2628163.281218
2628163.281218
2628163.281218
2628163.281218
2628163.281218
2628163.281218
2628163.281218
2188077.241896
2138696.194292
2127554.186212
2119814.405743
2115872.195982
2115870.594326
2115870.497424
2115870.470067
2115858.609259
2115844.036209
2115831.358367
2115831.337427
2115831.295421
2115831.284942
2115831.284942
2115831.284942
2115831.284942
2115831.284942
2115830.499308
2115830.499308
2115830.499308
2115830.499308
2115827.439965
2115827.439965
2115827.439965
2115827.439965
2115643.304675
2115575.840551
2115572.189903
2115571.873424
2115571.873424
2115571.873424
2115571.873424
2115571.873424
2115571.873424
2115571.873424
2115566.371938
2115564.440641
2115564.440641
2115564.440641
2115564.440641
2115564.440641
2115564.440641
2115564.440641
2115564.440641
2115564.440641
2115564.440641
2115564.440641
2115564.440641
2115564.440641
2115564.440641
2115564.440641
2115564.440641
2115564.440641
2115564.440641
2115564.440641
2115564.440641
2115564.440641
2115564.440641
2115564.440641
2115564.440641
2115564.440641
2115564.440641
2115564.440641
2115564.440641
2115564.440641
2115564.440641
2115564.440641
2115564.440641
2115564.440641
2115564.440641
2115564.440641
2115564.440641
2115564.440641
2115564.440641
2115564.440641
2115564.440641
2115564.440641
2115564.440641
2115564.440641
2115564.440641
2115564.440641
2115564.440641
2115564.440641
2115564.440641
2115564.440641
2115564.440641
2115564.440641
2115564.440641
2115564.440641
2115564.440641
2115564.440641
2115564.440641
2115564.440641
2115564.440641
2115564.440641
2115562.537158
2115562.537158
1980210.233002
1873379.454090
1870193.319646
1869914.517803
1869735.358577
1869731.632913
1869726.608406
1869726.608406
1869726.102389
1869719.867726
1869718.629421
1869718.629421
1869718.536275
1869718.536275
1869574.517234
1869550.915209
1869544.596424
1869517.017543
1869516.626797
1869516.626797
1869513.729282
1869506.587061
1869506.039973
1869498.896887
1869497.695081
1869496.204309
1869496.000133
1869495.929993
1869495.898709
1868894.991901
1868445.762081
1868036.593512
1867515.176925
1867486.045840
1867483.253077
1867483.253077
1867483.253077
1867483.153133
1867483.082961
1867483.082961
1867483.023751
1867483.023751
1867483.023751
1867483.023751
1867483.019186
1867483.019186
1867483.019186
1867483.019186
1867483.019186
1867478.415972
1867450.187845
1867449.933300
1867449.794832
1867449.643519
1867422.514891
1867413.810157
1867408.426846
1867404.819325
1867403.731692
1867403.725827
1867403.725255
1867403.725255
1867403.725255
1867403.725255
1867403.725255
1867403.725255
1867403.725255
1867403.725255
1866399.289018
1866029.411129
1865437.611390
1865391.375733
1865373.338409
1865340.206909
1865338.654201
1865338.654201
1865338.654201
1865338.654201
1865338.654201
1865338.654201
1865338.654201
1865338.654201
1865338.654201
1865338.654201
1865338.654201
1865338.654201
1861934.909016
1861056.949105
1860143.542783
1859744.215858
1858995.144144
1858977.344623
1846928.675500
1840391.570075
1835324.747590
1835121.003492
1835040.271202
1835039.992037
1835020.704686
1835020.704686
1835020.704686
1835020.704686
1835020.654963
1835020.654963
1835020.654963
1835020.654963
1835020.654963
1835020.654963
1835020.654963
1835020.654963
1835020.654963
1835020.654963
1835020.654963
1835020.654963
1835020.654963
1835020.654963
1835020.654963
1835020.654963
1835020.654963
1835020.654963
1835020.654963
1835020.654963
1835020.654963
1835020.654963
1835020.654963
1835020.654963
1835020.654963
1835020.654963
1835020.654963
1835020.654963
1835020.654963
1835020.654963
1835020.654963
1835020.654963
1835020.654963
1835020.654963
1835020.654963
1835010.288171
1834985.107162
1834983.472375
1834965.696836
1834964.588648
1834964.449892
1834964.449892
1834964.449892
1834964.435888
1834964.435888
1834964.435888
1834964.435888
1834964.435888
1834964.435888
1834964.435888
1834964.435888
1834964.435888
1834964.435888
1834964.435888
1834964.435888
1834964.435888
1834964.435888
1834964.435888
1834964.435888
1834964.435888
1834964.435888
1834964.435888
1834964.435888
1834964.435888
1834964.435888
1834964.435888
1834964.435888
1834964.435888
1834964.435888
1834964.435888
1834964.435888
1834964.435888
1834964.435888
1834964.435888
1834964.435888
1834964.435888
1834964.435888
1834964.435888
1834964.435888
1834964.435888
1834964.435888
1834964.435888
1834964.435888
1834964.435888
1834964.435888
1834964.435888
1834964.435888
1834964.435888
1834964.435888
1834964.435888
1834964.435888
1834964.435888
1834964.435888
1834964.435888
1834964.435888
1834964.435888
1834964.435888
1834964.435888
1834964.435888
1834964.435888
1834964.435888
1834964.435888
1834964.435888
1834964.435888
1834964.435888
1834964.435888
1834964.435888
1834964.435888
1834964.435888
1834964.435888
1834964.435888
1834964.435888
1834964.435888
1834964.435888
1834964.435888
1834964.435888
1834964.435888
1834964.435888
1834964.435888
1834964.435888
1834964.435888
1834964.435888
1834964.435888
1834964.435888
1834964.435888
1834964.435888
1834964.435888
1834964.435888
1834964.435888
1834964.435888
1834964.435888
1834964.435888
1834964.435888
1834964.435888
1834964.435888
1834964.435888
1834964.435888
1834964.435888
1834964.435888
1834964.435888
1834964.435888
1834964.435888
1834964.435888
1834964.435888
1834964.435888
1834964.435888
1834964.435888
1834964.435888
1834964.435888
1834964.435888
1834964.435888
1834964.435888
1834964.435888
1834964.435888
1834964.435888
1834964.435888
1834964.435888
1834964.435888
1834964.435888
1834964.435888
1834964.435888
1834964.435888
1834964.435888
1834964.435888
1834964.435888
1834964.435888
1834964.435888
1834964.435888
1834964.435888
1834964.435888
1834964.435888
1834964.435888
1834964.435888
1834964.435888
1834964.435888
1834964.435888
1834964.435888
1834964.435888
1834964.435888
1834964.435888
1834964.435888
1834964.435888
1834964.435888
1834964.435888
1834964.435888
1834964.435888
1834964.435888
1834964.435888
1834964.435888
1834964.435888
1834964.435888
1834964.435888
1834964.435888
1834964.435888
1834964.435888
1834964.435888
1834964.435888
1834964.435888
1834964.435888
1834964.435888
1834964.435888
1834964.435888
1834964.435888
1834964.435888
1834964.435888
1834964.435888
1834964.435888
1834964.435888
1834964.435888
1834964.435888
1834964.435888
1834964.435888
1834964.435888
1834964.435888
1834964.435888
1834964.435888
1834964.435888
1834964.435888
1834964.435888
1834964.435888
1834964.435888
1834964.435888
1834964.435888
1834964.419992
1834964.419992
1834964.419992
1834964.419992
1834964.419992
1834964.419992
1834964.419992
1834964.419992
1834964.419992
1834964.419992
1834964.419992
1834964.419992
1834964.419992
1834964.419992
1834964.419992
1834964.419992
1834964.419992
1834964.419992
1834964.419992
1834964.419992
1834964.419992
1834964.419992
1834964.419992
1834964.419992
1834964.419992
1834964.419992
1834964.419992
1834964.419992
1834964.419992
1834964.419992
1834964.419992
1834964.419992
1834964.419992
1834964.419992
1834964.419992
1834964.419992
1834964.419992
1834964.419992
1834964.419992
1834964.419992
1834964.419992
1834964.419992
1834964.419992
1834964.419992
1834964.419992
1834964.419992
1834964.419992
1834964.419992
1834964.419992
1834964.419992
1834964.419992
1834964.419992
1834964.419992
1834964.419992
1834964.419992
1834964.419992
1834964.419992
1834964.419992
1834964.419992
1834964.419992
1834964.419992
1834964.419992
1834964.419992
1834964.419992
1834964.419992
1834964.419992
1834964.419992
1834964.419992
1834964.419992
1834964.419992
1834964.419992
1834964.419992
1834964.419992
1834964.419992
1834964.419992
1834964.419992
1834964.419992
1834964.419992
1834964.419992
1834964.419992
1834964.419992
1834964.419992
1834964.419992
1834964.419992
1834964.419992
1834964.419992
1834964.419992
1834964.419992
1834964.419992
1834964.419992
1834964.419992
1834964.419992
1834964.419992
1834964.419992
1834964.419992
1834964.419992
1834964.419992
1834964.419992
1834964.419992
1834964.419992
1834964.419992
1834964.419992
1834964.419992
1834964.419992
1834964.419992
1834964.419992
1834964.419992
1834964.419992
1834964.419992
1834964.419992
1834964.419992
1834964.419992
1834964.419992
1834964.419992
1834964.419992
1834964.419992
1834964.419992
1834964.419992
1834964.419992
1834964.419992
1834964.419992
1834964.419992
1834964.419992
1834964.419992
1834964.419992
1834964.419992
1834964.419992
1834964.419992
1834964.419992
1834964.419992
1834964.419992
1834964.419992
1834964.419992
1834964.419992
1834964.419992
1834964.419992
1834964.419992
1834964.419992
1834964.419992
1834964.419992
1834964.419992
1834964.419992
1834964.419992
1834964.419992
1834964.419992
1834964.419992
1834964.419992
1834964.419992
1834964.419992
1834964.419992
1834964.419992
1834964.419992
1834964.419992
1834964.419992
1834964.419992
1834964.419992
1834964.419992
1834964.419992
1834964.419992
1834964.419992
1834964.419992
1834964.419992
1834964.419992
1834964.419992
1834964.419992
1834964.419992
1834964.419992
1834964.419992
1834964.419992
1834964.419992
1834964.419992
1834964.419992
1834964.419992
1834964.419992
1834964.419992
1834964.419992
1834964.419992
1834964.419992
1834964.419992
1834964.419992
1834964.419992
1834964.419992
1834964.419992
1834964.419992
1834964.419992
1834964.419992
1834964.419992
1834964.419992
1834964.419992
1834964.419992
1834964.419992
1834964.419992
1834964.419992
1834964.419992
1834964.419992
1834964.419992
1834964.419992
1834964.419992
1834964.419992
1834964.419992
1834964.419992
1834964.419992
1834964.419992
1834964.419992
1834964.419992
1834964.419992
1834964.419992
1834964.419992
1834964.419992
1834964.419992
1834964.419992
1834964.419992
1834964.419992
1834964.419992
1834964.419992
1834964.419992
1834964.419992
1834964.419992
1834964.419992
1834964.419992
1834964.419992
1834964.419992
1834964.419992
1834964.419992
1834964.419992
1834964.419992
1834964.419992
1834964.419992
1834964.419992
1834964.419992
1834964.419992
1834964.419992
1834964.419992
1834964.419992
1834964.419992
1834964.419992
1834964.419992
1834964.419992
1834964.419992
1834964.419992
1834964.419992
1834964.419992
1834964.419992
1834964.419992
1834964.419992
1834964.419992
1834964.419992
1834964.419992
1834964.419992
1834964.419992
1834964.419992
1834964.419992
1834964.419992
1834964.419992
1834964.419992
1834964.419992
1834964.419992
1834964.419992
1834964.419992
1834964.419992
1834964.419992
1834964.419992
1834964.419992
1834964.419992
1834964.419992
1834964.419992
1834964.419992
1834964.419992
1834964.419992
1834964.419992
1834964.419992
1834964.419992
1834964.419992
1834964.419992
1834964.419992
1834964.419992
1834964.419992
1834964.419992
1834964.419992
1834964.419992
1834964.419992
1834964.419992
1834964.419992
1834964.419992
1834964.419992
1834964.419992
1834964.419992
1834964.419992
1834964.419992
1834964.419992
1834964.419992
1834964.419992
1834964.419992
1834964.419992
1834964.419992
1834964.419992
1834964.419992
1834964.419992
1834964.419992
1834964.419992
1834284.028837
1833742.543583
1833650.136513
1833624.790164
1833624.790164
1833624.691266
1833624.292202
1833624.292202
1833624.292202
1833624.292202
1833624.292202
1833624.292202
1833624.292202
1833624.292202
1833624.292202
1833624.292202
1833624.292202
1833624.292202
1833624.292202
1833624.292202
1833624.292202
1833624.292202
1833624.292202
1833624.292202
1833624.292202
1833624.292202
1833624.292202
1833624.292202
1833624.292202
1833624.292202
1833624.292202
1833624.292202
1833624.292202
1833624.292202
1833624.292202
1833624.292202
1833624.292202
1833624.292202
1833624.292202
1833624.292202
1833624.292202
1833624.292202
1833624.292202
1833624.292202
1833624.292202
1833624.292202
1833624.292202
1833624.292202
1833624.292202
1833624.292202
1833624.292202
1833624.292202
1833624.292202
1833624.292202
1833624.292202
1833624.292202
1833624.292202
1833624.292202
1833624.292202
1833624.292202
1833624.292202
1833624.292202
1833624.292202
1833624.292202
1833624.292202
1833624.292202
1833624.292202
1833624.292202
1833624.292202
1833624.292202
1833624.292202
1833624.292202
1833624.292202
1833624.292202
1833624.292202
1833624.292202
1833624.292202
1833624.292202
1833624.292202
1833624.292202
1833624.292202
1833624.292202
1833624.292202
1833624.292202
1833624.292202
1833624.292202
1833624.292202
1833624.292202
1833624.292202
1833624.292202
1833624.292202
1833624.292202
1833624.292202
1833624.292202
1833624.292202
1833624.292202
1833624.292202
1833624.292202
1833624.292202
1833624.292202
1833624.292202
1833624.292202
1833624.292202
1833624.292202
1833624.292202
1833624.292202
1833624.292202
1833624.292202
1833624.292202
1833624.292202
1833624.292202
1833624.292202
1833624.292202
1833624.292202
1833624.292202
1833624.292202
1833624.292202
1833624.292202
1833624.292202
1833624.292202
1833624.292202
1833624.292202
1833624.292202
1833624.292202
1833624.292202
1833624.292202
1833624.292202
1833624.292202
1833624.292202
1833624.292202
1833624.292202
1833624.292202
1833624.292202
1833624.292202
1833624.292202
1833624.292202
1833624.292202
1833624.292202
1833624.292202
1833624.292202
1833624.292202
1833624.292202
1833624.292202
1833624.292202
1833624.292202
1833624.292202
1833624.292202
1833624.292202
1833624.292202
1833624.292202
1833624.292202
1833624.292202
1833624.292202
1833624.292202
1833624.292202
1833624.292202
1833624.292202
1833624.292202
1833624.292202
1833624.292202
1833624.292202
1833624.292202
1833624.292202
1833624.292202
1833624.292202
1833624.292202
1833624.292202
1833624.292202
1833624.292202
1833624.292202
1833624.292202
1833624.292202
1833624.292202
1833624.292202
1833624.292202
1833624.292202
1833624.292202
1833624.292202
1833624.292202
1833624.292202
1833624.292202
1833624.292202
1833624.292202
1833624.292202
1833624.292202
1833624.292202
1833624.292202
1833624.292202
1833624.292202
1833624.292202
1833624.292202
1833624.292202
1833624.292202
1833624.292202
1833624.292202
1833624.292202
1833624.292202
1833624.292202
1833624.292202
1833624.292202
1833624.292202
1833624.292202
1833624.292202
1833624.292202
1833624.292202
1833624.292202
1833624.292202
1833624.292202
1833624.292202
1833624.292202
1833624.292202
1833624.292202
1833624.292202
1833624.292202
1833624.292202
1833624.292202
1833624.292202
1833624.292202
1833624.292202
1833624.292202
1833624.292202
1833624.292202
1833624.292202
1833624.292202
1833624.292202
1833624.292202
1833624.292202
1833624.292202
1833624.292202
1833624.292202
1833624.292202
1833624.292202
1833624.292202
1833624.292202
1833624.292202
1833624.292202
1833624.292202
1833624.292202
1833624.292202
1833624.292202
1833624.292202
1833624.292202
1833624.292202
1833624.292202
1833624.292202
1833624.292202
1833624.292202
1833624.292202
1833624.292202
1833624.292202
1833624.227267
1833624.227267
1833624.227267
1833624.227267
1833624.227267
1833624.227267
1833624.227267
1833624.227267
1833624.227267
1833624.227267
1833624.227267
1833624.227267
1833624.227267
1833624.227267
1833624.227267
1833624.227267
1833624.227267
1833624.227267
1833624.227267
1833624.227267
1833624.227267
1833624.227267
1833624.227267
1833624.227267
1833624.227267
1833624.227267
1833624.227267
1833624.227267
1833624.227267
1833624.227267
1833624.227267
1833624.227267
1833624.227267
1833624.227267
1833624.227267
1833624.227267
1833624.227267
1833624.227267
1833624.227267
1833624.227267
1833624.227267
1833624.227267
1833624.227267
1833624.227267
1833624.227267
1833624.227267
1833624.227267
1833624.227267
1833624.227267
1833624.227267
1833624.227267
1833624.227267
1833624.227267
1833624.227267
1833624.227267
1833624.227267
1833624.227267
1833624.227267
1833624.227267
1833624.227267
1833624.227267
1833624.227267
1833624.227267
1833624.227267
1833624.227267
1833624.227267
1833624.227267
1833624.227267
1833624.227267
1833624.227267
1833624.227267
1833624.227267
1833624.227267
1833624.227267
1833624.227267
1833624.227267
1833624.227267
1833624.227267
1833624.227267
1833624.227267
1833624.227267
1833624.227267
1833624.227267
1833624.227267
1833624.227267
1833624.227267
1833624.227267
1833624.227267
1833624.227267
1833624.227267
1833624.227267
1833624.227267
1833624.227267
1833624.227267
1833624.227267
1833624.227267
1833624.227267
1833624.227267
1833624.227267
1833624.227267
1833624.227267
1833624.227267
1833624.227267
1833624.227267
1833624.227267
1833624.227267
1833624.227267
1833624.227267
1833624.227267
1833624.227267
1833624.227267
1833624.227267
1833624.227267
1833624.227267
1833624.227267
1833624.227267
1833624.227267
1833624.227267
1833624.227267
1833624.227267
1833624.227267
1833624.227267
1833624.227267
1833624.227267
1833624.227267
1833624.227267
1833624.227267
1833624.227267
1833624.227267
1833624.227267
1833624.227267
1833624.227267
1833624.227267
1833624.227267
1833624.227267
1833624.227267
1833624.227267
1833624.227267
1833624.227267
1833624.227267
1833624.227267
1833624.227267
1833624.227267
1833624.227267
1833624.227267
1833624.227267
1833624.227267
1833624.227267
1833624.227267
1833624.227267
1833624.227267
1833624.227267
1833624.227267
1833624.227267
1833624.227267
1833624.227267
1833624.227267
1833624.227267
1833624.227267
1833624.227267
1833624.227267
1833624.227267
1833624.227267
1833624.227267
1833624.227267
1833624.227267
1833624.227267
1833624.227267
1833624.227267
1833624.227267
1833624.227267
1833624.227267
1833624.227267
1833624.227267
1833624.227267
1833624.227267
1833624.227267
1833624.227267
1833624.227267
1833624.227267
1833624.227267
1833624.227267
1833624.227267
1833623.612601
1833623.577988
1833623.169245
1833511.686957
1833489.671171
1833489.390583
1833489.289467
1833489.149078
1833488.944531
1833488.944531
1833488.944531
1833488.944531
1833488.944531
1832442.429946
1832070.311409
1832070.311409
1832070.311409
1832057.752962
1832054.804301
1832053.370601
1832052.653916
1832052.653916
1832052.545776
1832052.545776
1832052.545776
1832052.545776
1832052.545776
1832052.545776
1832052.545776
1832052.545776
1832052.545776
1832052.545776
1832052.545776
1832052.545776
1832052.545776
1832052.545776
1832052.545776
1832052.545776
1832052.545776
1832052.545776
1832052.545776
1832052.545776
1832052.545776
1832052.545776
1832052.545776
1832052.545776
1832052.545776
1832052.545776
1832052.545776
1832052.545776
1832052.545776
1832052.545776
1832052.545776
1832052.545776
1832052.545776
1832052.545776
1832052.545776
1832052.545776
1832052.545776
1832052.545776
1832052.545776
1832052.545776
1832052.545776
1832052.545776
1832052.545776
1832052.545776
1832052.545776
1832052.545776
1832052.545776
1832029.695587
1832011.500380
1832007.150739
1832007.021324
1832006.327965
1832006.283995
1832006.283995
1832006.283995
1832006.283995
1832006.283995
1832006.283995
1832006.283995
1832006.283995
1832006.283995
1832006.283995
1832006.283995
1832006.283995
1832006.283995
1832006.283995
1832006.283995
1832006.283995
1832006.283995
1832006.283995
1832006.283995
1832006.283995
1832006.283995
1832006.283995
1832006.283995
1832006.283995
1832006.283995
1832006.283995
1832006.283995
1832006.283995
1832006.283995
1832006.283995
1832006.283995
1832006.283995
1832006.283995
1832006.283995
1832006.283995
1832006.283995
1832006.283995
1832006.283995
1832006.283995
1832006.283995
1832006.283995
1832006.283995
1832006.283995
1832006.283995
1832006.283995
1832006.283995
1832006.283995
1832006.283995
1832006.283995
1832006.283995
1832006.283995
1832006.283995
1832006.283995
1832006.283995
1832006.283995
1832006.283995
1832006.283995
1832006.283995
1832006.283995
1832006.283995
1832006.283995
1832006.283995
1832006.283995
1832006.283995
1832006.283995
1832006.283995
1832006.283995
1832006.283995
1832006.283995
1832006.283995
1832006.283995
1832006.283995
1832006.283995
1832006.283995
1832006.283995
1832006.283995
1832006.283995
1832006.283995
1832006.283995
1832006.283995
1832006.283995
1832006.283995
1832006.283995
1832006.283995
1832006.283995
1832006.283995
1832006.283995
1832006.283995
1832006.283995
1832006.283995
1832006.283995
1832006.283995
1832006.283995
1832006.283995
1832006.283995
1832006.283995
1832006.283995
1832006.283995
1832006.283995
1832006.283995
1832006.283995
1832006.283995
1832006.283995
1832006.283995
1832006.283995
1832006.283995
1832006.283995
1832006.283995
1832006.283995
1832006.283995
1832006.283995
1832006.283995
1832006.283995
1832006.283995
1832006.283995
1832006.283995
1832006.283995
1832006.283995
1832006.283995
1832006.283995
1832006.283995
1832006.283995
1832006.283995
1832006.283995
1832006.283995
1832006.283995
1832006.283995
1832006.283995
1832006.283995
1832006.283995
1832006.283995
1832006.283995
1832006.283995
1832006.283995
1832006.283995
1832006.283995
1832006.283995
1832006.283995
1832006.283995
1832006.283995
1832006.283995
1832006.283995
1832006.283995
1832006.283995
1832006.283995
1832006.283995
1832006.283995
1832006.283995
1832006.283995
1832006.283995
1832006.283995
1832006.283995
1832006.283995
1832006.283995
1832006.283995
1832006.283995
1832006.283995
1832006.283995
1832006.283995
1832006.283995
1832006.283995
1832006.283995
1832006.283995
1832006.283995
1832006.283995
1832006.283995
1832006.283995
1832006.283995
1832006.283995
1832006.283995
1832006.283995
1832006.283995
1832006.283995
1832006.283995
1832006.283995
1832006.283995
1832006.283995
1832006.283995
1832006.283995
1832006.283995
1832006.283995
1832006.283995
1832006.283995
1832006.283995
1832006.283995
1832006.283995
1832006.283995
1832006.283995
1832006.283995
1832006.283995
1832006.283995
1832006.283995
1832006.283995
1832006.283995
1832006.283995
1832006.283995
1832006.283995
1832006.283995
1832006.283995
1832006.283995
1832006.283995
1832006.283995
1832006.283995
1832006.283995
1832006.283995
1832006.283995
1832006.283995
1832006.283995
1832006.283995
1832006.283995
1832006.283995
1832006.283995
1832006.283995
1832006.283995
1832006.283995
1832006.283995
1832006.283995
1832006.283995
1832006.283995
1832006.283995
1832006.283995
1832006.283995
1832006.283995
1832006.283995
1832006.283995
1832006.283995
1832006.283995
1832006.283995
1832006.283995
1832006.283995
1832006.283995
1832006.283995
1832006.283995
1832006.283995
1832006.283995
1832006.283995
1832006.283995
1832006.283995
1832006.283995
1832006.283995
1832006.283995
1832006.283995
1832006.283995
1832006.283995
1832006.283995
1832006.283995
1832006.283995
1832006.283995
1832006.283995
1832006.283995
1832006.283995
1832006.283995
1832006.283995
1832006.283995
1832006.283995
1832006.283995
1832006.283995
1832006.283995
1832006.283995
1832006.283995
1832006.283995
1832006.283995
1832006.283995
1832006.283995
1832006.283995
1832006.283995
1832006.283995
1832006.283995
1832006.283995
1832006.283995
1832006.283995
1832006.283995
1832006.283995
1832006.283995
1832006.283995
1832006.283995
1832006.283995
1832006.283995
1832006.283995
1832006.283995
1832006.283995
1832006.283995
1832006.283995
1832006.283995
1832006.283995
1832006.283995
1832006.283995
1832006.283995
1832006.283995
1832006.283995
1832006.283995
1832006.283995
1832006.283995
1832006.283995
1832006.283995
1832006.283995
1832006.283995
1832006.283995
1832006.283995
1832006.283995
1832006.283995
1832006.283995
1832006.283995
1832006.283995
1832006.283995
1832006.283995
1832006.283995
1832006.283995
1832006.283995
1832006.283995
1832006.283995
1832006.283995
1832006.283995
1832006.283995
1832006.283995
1832006.283995
1832006.283995
1832006.283995
1832006.283995
1832006.283995
1832006.283995
1832006.283995
1832006.283995
1832006.283995
1832006.283995
1832006.283995
1832006.283995
1832006.283995
1832006.283995
1832006.283995
1832006.283995
1832006.283995
1832006.283995
1832006.283995
1832006.283995
1832006.283995
1832006.283995
1832006.283995
1832006.283995
1832006.283995
1832006.283995
1832006.283995
1832006.283995
1832006.283995
1832006.283995
1832006.283995
1832006.283995
1832006.283995
1832006.283995
1832006.283995
1832006.283995
1832006.283995
1832006.283995
1832006.283995
1832006.283995
1832006.283995
1832006.283995
1832006.283995
1832006.283995
1832006.283995
1832006.283995
1832006.283995
1832006.283995
1832006.283995
1832006.283995
1832006.281931
1832006.281931
1832006.281931
1832006.281931
1832006.281931
1832006.281931
1832006.281931
1832006.281931
1832006.281931
1832006.281931
1832006.281931
1832006.281931
1832006.281931
1832006.281931
1832006.281931
1832006.281931
1832006.281931
1832006.281931
1832006.281931
1832006.281931
1832006.281931
1832006.281931
1832006.281931
1832006.281931
1832006.281931
1832006.281931
1832006.281931
1832006.281931
1832006.281931
1832006.281931
1832006.281931
1832006.281931
1832006.281931
1832006.281931
1832006.281931
1832006.281931
1832006.281931
1832006.281931
1832006.281931
1832006.281931
1832006.281931
1832006.281931
1832006.281931
1832006.281931
1832006.281931
1832006.281931
1832006.281931
1832006.281931
1832006.281931
1832006.281931
1832006.281931
1832006.281931
1832006.281931
1832006.281931
1832006.281931
1832006.281931
1832006.281931
1832006.281931
1832006.281931
1832006.281931
1832006.281931
1832006.281931
1832006.281931
1832006.281931
1832006.281931
1832006.281931
1832006.281931
1832006.281931
1832006.281931
1832006.281931
1832006.281931
1832006.281931
1832006.281931
1832006.281931
1832006.281931
1832006.281931
1832006.281931
1832006.281931
1831649.611301
1831354.254541
1831290.447776
1831274.932806
1831274.575532
1831274.344024
1831274.344024
1831274.344024
1831274.310352
1831274.310352
1831274.310352
1831274.310352
1831274.310352
1831274.310352
1831274.310352
1831274.310352
1831274.310352
1831274.310352
1831274.310352
1831274.310352
1831274.310352
1831274.310352
1831274.310352
1831274.310352
1831274.310352
1831274.310352
1831274.310352
1831274.310352
1831274.310352
1831274.310352
1831274.310352
1831274.310352
1831274.310352
1831274.310352
1831274.310352
1831274.310352
1831274.310352
1831274.310352
1831274.310352
1831274.310352
1831274.310352
1831274.310352
1831274.310352
1831274.310352
1831274.310352
1831274.310352
1831274.310352
1831274.310352
1831274.310352
1831274.310352
1831274.310352
1831274.310352
1831274.310352
1831274.310352
1831274.310352
1831274.310352
1831274.310352
1831274.310352
1831274.310352
1831274.310352
1831274.310352
1831274.310352
1831274.310352
1831274.310352
1831274.310352
1831274.310352
1831274.310352
1831274.310352
1831274.310352
1831274.310352
1831274.310352
1831274.310352
1831274.310352
1831274.310352
1831274.310352
1831274.310352
1831274.310352
1831274.310352
1831274.310352
1831274.310352
1831274.310352
1831274.310352
1831274.310352
1831274.310352
1831274.310352
1831274.310352
1831274.310352
1831274.310352
1831274.310352
1831274.310352
1831274.310352
1831274.310352
1831274.310352
1831274.310352
1831274.310352
1831274.310352
1831274.310352
1831274.310352
1831274.310352
1831274.310352
1831274.310352
1831274.310352
1831274.310352
1831274.310352
1831274.310352
1831274.310352
1831274.310352
1831274.310352
1831274.310352
1831274.310352
1831274.310352
1831274.310352
1831274.310352
1831274.310352
1831274.310352
1831274.310352
1831267.502845
1831256.335226
1831254.138202
1831252.703935
1831251.586317
1831251.586317
1831251.549781
1831251.549781
1831251.549781
1831251.549781
1831251.549781
1831251.549781
1831251.549781
1831251.549781
1831251.549781
1831251.549781
1831251.549781
1831251.549781
1831251.549781
1831251.549781
1831251.549781
1831251.549781
1831251.549781
1831251.549781
1831251.549781
1831251.549781
1831251.549781
1831251.549781
1831251.549781
1831251.549781
1831251.549781
1831251.549781
1831251.549781
1831251.549781
1831251.549781
1831251.549781
1831251.549781
1831251.549781
1831251.549781
1831251.549781
1831251.549781
1831251.549781
1831251.549781
1831251.549781
1831251.549781
1831251.549781
1831251.549781
1831251.549781
1831245.693091
1831245.510620
1831245.323018
1831245.323018
1831245.323018
1831244.967421
1831244.874857
1831244.874857
1831244.874857
1831244.874857
1831244.874857
1831244.874857
1831244.874857
1831244.874857
1831244.874857
1831244.874857
1831244.874857
1831244.874857
1831244.874857
1831244.874857
1831244.874857
1831244.874857
1831244.874857
1831244.874857
1831244.874857
1831244.874857
1831244.874857
1831244.874857
1831244.874857
1831244.874857
1831244.874857
1831244.874857
1831244.874857
1831244.874857
1831244.874857
1831244.874857
1831244.874857
1831244.874857
1831244.874857
1831244.874857
1831244.874857
1831244.874857
1831244.874857
1831244.874857
1831244.874857
1831244.874857
1831244.874857
1831244.874857
1831244.874857
1831244.874857
1831244.874857
1831244.874857
1831244.874857
1831244.874857
1831244.874857
1831244.874857
1831244.874857
1831244.874857
1831244.874857
1831244.874857
1831244.874857
1831244.874857
1831244.874857
1831244.874857
1831244.874857
1831244.874857
1831244.874857
1831244.874857
1831244.874857
1831241.943058
1831240.907648
1831240.807326
1831240.790712
1831240.790712
1831240.790712
1831240.790712
1831240.790712
1831240.790712
1831240.790712
1831240.790712
1831240.790712
1831240.790712
1831240.790712
1831240.790712
1831240.790712
1831240.790712
1831240.790712
1831240.790712
1831240.790712
1831240.790712
1831240.790712
1831240.790712
1831240.790712
1831240.790712
1831240.790712
1831240.790712
1831240.790712
1831240.790712
1831240.790712
1831240.790712
1831240.790712
1831240.790712
1831240.790712
1831240.790712
1831240.790712
1831240.790712
1831240.790712
1831240.790712
1831240.790712
1831240.790712
1831240.790712
1831240.790712
1831240.790712
1831240.790712
1831240.790712
1831240.790712
1831240.790712
1831240.790712
1831240.790712
1831240.790712
1831240.790712
1831240.790712
1831240.790712
1831240.790712
1831240.790712
1831240.790712
1831240.790712
1831240.790712
1831240.790712
1831240.790712
1831240.790712
1831240.790712
1831240.790712
1831240.790712
1831240.790712
1831240.790712
1831240.790712
1831240.790712
1831240.790712
1831240.790712
1831240.790712
1831240.790712
1831240.790712
1831240.790712
1831240.790712
1831240.790712
1831240.790712
1831240.790712
1831240.790712
1831240.790712
1831240.790712
1831240.790712
1831240.790712
1831240.790712
1831240.790712
1831240.790712
1831240.790712
1831240.790712
1831240.790712
1831240.790712
1831240.790712
1831240.790712
1831240.790712
1831240.790712
1831240.790712
1831240.790712
1831240.790712
1831240.790712
1831240.790712
1831240.790712
1831240.790712
1831240.790712
1831240.790712
1831240.790712
1831240.790712
1831240.790712
1831240.790712
1831240.790712
1831240.790712
1831240.790712
1831240.790712
1831240.790712
1831240.790712
1831240.790712
1831240.790712
1831240.790712
1831240.790712
1831240.790712
1831240.790712
1831240.790712
1831240.790712
1831240.790712
1831240.790712
1831240.790712
1831240.790712
1831240.790712
1831240.790712
1831240.790712
1831240.790712
1831240.790712
1831240.790712
1831240.790712
1831240.790712
1831240.790712
1831240.790712
1831240.790712
1831240.790712
1831240.790712
1831240.790712
1831240.790712
1831240.790712
1831240.790712
1831240.790712
1831240.790712
1831240.790712
1831240.790712
1831240.790712
1831240.790712
1831240.790712
1831240.790712
1831240.790712
1831240.790712
1831240.790712
1831240.790712
1831240.790712
1831240.790712
1831240.790712
1831240.790712
1831240.790712
1831240.790712
1831240.790712
1831240.790712
1831240.790712
1831240.790712
1831240.790712
1831240.790712
1831240.790712
1831240.790712
1831240.790712
1831240.790712
1831240.790712
1831240.790712
1831240.790712
1831240.790712
1831240.790712
1831240.790712
1831240.790712
1831240.790712
1831240.790712
1831240.790712
1831240.790712
1831240.790712
1831240.790712
1831240.790712
1831240.790712
1831240.790712
1831240.790712
1831240.790712
1831240.790712
1831240.790712
1831240.790712
1831240.790712
1831240.790712
1831240.790712
1831240.790712
1831240.790712
1831240.790712
1831240.790712
1831240.790712
1831240.790712
1831240.790712
1831240.790712
1831240.790712
1831240.790712
1831240.790712
1831240.790712
1831240.790712
1831240.790712
1831240.790712
1831240.790712
1831240.790712
1831240.790712
1831240.790712
1831240.790712
1831240.790712
1831240.790712
1831240.790712
1831240.790712
1831240.790712
1831240.790712
1831240.790712
1831240.790712
1831240.790712
1831240.790712
1831240.790712
1831240.790712
1831240.790712
1831240.790712
1831240.790712
1831240.790712
1831240.790712
1831240.790712
1831240.790712
1831240.790712
1831240.790712
1831240.790712
1831240.790712
1831240.790712
1831240.790712
1831240.790712
1831240.790712
1831240.790712
1831240.790712
1831240.790712
1831240.790712
1831240.790712
1831240.790712
1831240.790712
1831240.790712
1831240.790712
1831240.790712
1831240.790712
1831240.790712
1831240.790712
1831240.790712
1831240.790712
1831240.790712
1831240.790712
1831240.790712
1831240.790712
1831240.790712
1831240.790712
1831240.790712
1831240.790712
1831240.790712
1831240.790712
1831240.790712
1831240.790712
1831240.790712
1831240.790712
1831240.790712
1831240.790712
1831240.790712
1831240.790712
1831240.790712
1831240.790712
1831240.790712
1831240.790712
1831240.790712
1831240.790712
1831240.790712
1831240.790712
1831240.790712
1831240.790712
1831240.790712
1831240.790712
1831240.790712
1831240.790712
1831240.790712
1831240.790712
1831240.790712
1831240.790712
1831240.790712
1831240.790712
1831240.790712
1831240.790712
1831240.790712
1831240.790712
1831240.790712
1831240.790712
1831240.790712
1831240.790712
1831240.790712
1831240.790712
1831240.790712
1831240.790712
1831240.790712
1831240.790712
1831240.790712
1831240.790712
1831240.790712
1831240.790712
1831240.790712
1831240.790712
1831240.790712
1831240.790712
1831240.790712
1831240.790712
1831240.790712
1831240.790712
1831240.790712
1831240.790712
1831240.790712
1831240.790712
1831240.790712
1831240.790712
1831240.790712
1831240.790712
1831240.790712
1831240.790712
1831240.790712
1831240.790712
1831240.790712
1831240.790712
1831240.790712
1831240.790712
1831240.790712
1831240.790712
1831240.790712
1831240.790712
1831240.790712
1831240.790712
1831240.790712
1831240.790712
1831240.790712
1831240.790712
1831240.790712
1831240.790712
1831240.790712
1831240.790712
1831240.790712
1831240.790712
1831240.790712
1831240.790712
1831240.790712
1831240.790712
1831240.790712
1831240.790712
1831240.790712
1831240.790712
1831240.790712
1831240.790712
1831240.790712
1831240.790712
1831240.790712
1831240.790712
1831240.790712
1831240.790712
1831240.790712
1831240.790712
1831240.790712
1831240.790712
1831240.790712
1831240.790712
1831240.790712
1831240.790712
1831240.790712
1831240.790712
1831240.790712
1831240.790712
1831240.790712
1831240.790712
1831240.790712
1831240.790712
1831240.790712
1831240.790712
1831240.790712
1831240.790712
1831240.790712
1831240.790712
1831240.790712
1831240.790712
1831240.790712
1831240.790712
1831240.790712
1831240.790712
1831240.790712
1831240.790712
1831240.790712
1831240.790712
1831240.790712
1831240.790712
1831240.790712
1831240.790712
1831240.790712
1831240.790712
1831240.790712
1831240.790712
1831240.790712
1831240.790712
1831240.790712
1831240.790712
1831240.790712
1831240.790712
1831240.790712
1831240.790712
1831240.790712
1831240.790712
1831240.790712
1831240.790712
1831240.790712
1831240.790712
1831240.790712
1831240.790712
1831240.790712
1831240.790712
1831240.790712
1831240.790712
1831240.790712
1831240.790712
1831240.790712
1831240.790712
1831240.790712
1831240.790712
1831240.790712
1831240.790712
1831240.790712
1831240.790712
1831240.790712
1831240.790712
1831240.790712
1831240.790712
1831240.790712
1831240.790712
1831240.790712
1831240.790712
1831240.790712
1831240.790712
1831240.790712
1831240.790712
1831240.790712
1831240.790712
1831240.790712
1831240.790712
1831240.790712
1831240.790712
1831240.790712
1831240.790712
1831240.790712
1831240.790712
1831240.790712
1831240.790712
1831240.790712
1831240.790712
1831240.790712
1831240.790712
1831240.790712
1831240.790712
1831240.790712
1831240.790712
1831240.790712
1831240.790712
1831240.790712
1831240.790712
1831240.790712
1831240.790712
1831240.790712
1831240.790712
1831240.790712
1831240.790712
1831240.790712
1831240.790712
1831240.790712
1831240.790712
1831240.790712
1831240.790712
1831240.790712
1831240.790712
1831240.790712
1831240.790712
1831240.790712
1831240.790712
1831240.790712
1831240.790712
1831240.790712
1831240.790712
1831240.790712
1831240.790712
1831240.790712
1831240.790712
1831240.790712
1831240.790712
1831240.790712
1831240.790712
1831240.790712
1831240.790712
1831240.790712
1831240.790712
1831240.790712
1831240.790712
1831240.790712
1831240.790712
1831240.790712
1831240.790712
1831240.790712
1831240.790712
1831240.790712
1831240.790712
1831240.790712
1831240.790712
1831240.790712
1831240.790712
1831240.790712
1831240.790712
1831240.790712
1831240.790712
1831240.790712
1831240.790712
1831240.790712
1831240.790712
1831240.790712
1831240.790712
1831240.790712
1831240.790712
1831240.790712
1831240.790712
1831240.790712
1831240.790712
1831240.790712
1831240.790712
1831240.790712
1831240.790712
1831240.790712
1831240.790712
1831240.790712
1831240.790712
1831240.790712
1831240.790712
1831240.790712
1831240.790712
1831240.790712
1831240.790712
1831240.790712
1831240.790712
1831240.790712
1831240.790712
1831240.790712
1831240.790712
1831240.790712
1831240.790712
1831240.790712
1831240.790712
1831240.790712
1831240.790712
1831240.790712
1831240.790712
1831240.790712
1831240.790712
1831240.790712
1831240.790712
1831240.790712
1831240.790712
1831240.790712
1831240.790712
1831240.790712
1831240.790712
1831240.790712
1831240.790712
1831240.790712
1831240.790712
1831240.790712
1831240.790712
1831240.790712
1831240.790712
1831240.790712
1831240.790712
1831240.790712
1831240.790712
1831240.790712
1831240.790712
1831240.790712
1831240.790712
1831240.790712
1831240.790712
1831240.790712
1831240.790712
1831240.790712
1831240.790712
1831240.790712
1831240.790712
1831240.790712
1831240.790712
1831240.790712
1831238.223487
1831238.223487
1831238.047808
1831238.047808
1831238.047808
1831238.047808
1831238.001250
1831238.001250
1831238.001250
1831238.001250
1831238.001250
1831238.001250
1831238.001250
1831237.999766
1831237.935084
1831237.935084
1831237.935084
1831237.894156
1831237.894156
1831237.894156
1831237.894156
1831237.894156
1831237.894156
1831237.894156
1831237.894156
1831237.894156
1831237.894156
1831237.894156
1831237.894156
1831237.894156
1831237.894156
1831237.894156
1831237.894156
1831237.894156
1831237.894156
1831237.894156
1831237.894156
1831237.894156
1831237.894156
1831237.894156
1831237.894156
1831237.894156
1831237.894156
1831237.894156
1831237.894156
1831237.894156
1831237.894156
1831237.894156
1831237.894156
1831237.894156
1831237.894156
1831237.894156
1831237.894156
1831237.894156
1831237.894156
1831237.894156
1831237.894156
1831237.894156
1831237.894156
1831237.894156
1831237.894156
1831237.894156
1831237.894156
1831237.894156
1831237.894156
1831237.894156
1831237.894156
1831237.894156
1831237.894156
1831237.894156
1831237.894156
1831237.894156
1831237.894156
1831237.894156
1831237.894156
1831237.894156
1831237.894156
1831237.894156
1831237.894156
1831237.894156
1831237.894156
1831237.894156
1831237.894156
1831237.894156
1831237.894156
1831237.894156
1831237.894156
1831237.894156
1831237.894156
1831237.894156
1831237.894156
1831237.894156
1831237.894156
1831237.894156
1831237.894156
1831237.894156
1831237.894156
1831237.894156
1831237.894156
1831237.894156
1831237.894156
1831237.894156
1831237.894156
1831237.894156
1831237.894156
1831237.894156
1831237.894156
1831237.894156
1831237.894156
1831237.894156
1831237.894156
1831237.894156
1831237.894156
1831237.894156
1831237.894156
1831237.894156
1831237.894156
1831237.894156
1831237.894156
1831237.894156
1831237.894156
1831237.894156
1831237.894156
1831237.894156
1831237.894156
1831237.894156
1831237.894156
1831237.894156
1831237.894156
1831237.894156
1831237.894156
1831237.894156
1831237.894156
1831237.894156
1831237.894156
1831237.894156
1831237.894156
1831237.894156
1831237.894156
1831237.894156
1831237.894156
1831237.894156
1831237.894156
1831237.894156
1831237.894156
1831237.894156
1831237.894156
1831237.894156
1831237.894156
1831237.894156
1831237.894156
1831237.894156
1831237.894156
1831237.894156
1831237.894156
1831237.894156
1831237.894156
1831237.894156
1831237.894156
1831237.894156
1831237.894156
1831237.894156
1831237.894156
1831237.894156
1831237.894156
1831237.894156
1831237.894156
1831237.894156
1831237.894156
1831237.894156
1831237.894156
1831237.894156
1831237.894156
1831237.894156
1831237.894156
1831237.894156
1831237.894156
1831237.894156
1831237.894156
1831237.894156
1831237.894156
1831237.894156
1831237.894156
1831237.894156
1831237.894156
1831237.894156
1831237.894156
1831237.894156
1831237.894156
1831237.894156
1831237.894156
1831237.894156
1831237.894156
1831237.894156
1831237.894156
1831237.894156
1831237.894156
1831237.894156
1831237.894156
1831237.894156
1831237.894156
1831237.894156
1831237.894156
1831237.894156
1831237.894156
1831237.894156
1831237.894156
1831237.894156
1831237.894156
1831237.894156
1831237.894156
1831237.894156
1831237.894156
1831237.894156
1831237.894156
1831237.894156
1831237.894156
1831237.894156
1831237.894156
1831237.894156
1831237.894156
1831237.894156
1831237.894156
1831237.894156
1831237.894156
1831237.894156
1831237.894156
1831237.894156
1831237.894156
1831237.894156
1831237.894156
1831237.894156
1831237.894156
1831237.894156
1831237.894156
1831237.894156
1831237.894156
1831237.894156
1831237.894156
1831237.894156
1831237.894156
1831237.894156
1831237.894156
1831237.894156
1831237.894156
1831237.894156
1831237.894156
1831237.894156
1831237.894156
1831237.894156
1831237.894156
1831237.894156
1831237.894156
1831237.894156
1831237.894156
1831237.894156
1831237.894156
1831237.894156
1831237.894156
1831237.894156
1831237.894156
1831237.894156
1831237.894156
1831237.894156
1831237.894156
1831237.894156
1831237.894156
1831237.894156
1831237.894156
1831237.894156
1831237.894156
1831237.894156
1831237.894156
1831237.894156
1831237.894156
1831237.894156
1831237.894156
1831237.894156
1831237.894156
1831237.894156
1831237.894156
1831237.894156
1831237.894156
1831237.894156
1831237.894156
1831237.894156
1831237.894156
1831237.894156
1831237.894156
1831237.894156
1831237.894156
1831237.894156
1831237.894156
1831237.894156
1831237.894156
1831237.894156
1831237.894156
1831237.894156
1831237.894156
1831237.894156
1831237.894156
1831237.894156
1831237.894156
1831237.894156
1831237.894156
1831237.894156
1831237.894156
1831237.894156
1831237.894156
1831237.894156
1831237.894156
1831237.894156
1831237.894156
1831237.894156
1831237.894156
1831237.894156
1831237.894156
1831237.894156
1831237.894156
1831237.894156
1831237.894156
1831237.894156
1831237.894156
1831237.894156
1831237.894156
1831237.867562
1831237.867562
1831237.867562
1831237.867562
1831237.867562
1831237.867562
1831237.867562
1831237.867562
1831237.867562
1831237.867562
1831237.867562
1831237.867562
1831237.867562
1831237.867562
1831237.867562
1831237.867562
1831237.867562
1831237.867562
1831237.867562
1831237.867562
1831237.867562
1831237.867562
1831237.867562
1831237.867562
1831237.867562
1831237.867562
1831237.867562
1831237.867562
1831237.867562
1831237.867562
1831237.867562
1831237.867562
1831237.867562
1831237.867562
1831237.867562
1831237.867562
1831237.867562
1831237.867562
1831237.867562
1831237.867562
1831237.867562
1831237.867562
1831237.867562
1831237.867562
1831237.867562
1831237.867562
1831237.867562
1831237.867562
1831237.867562
1831237.867562
1831237.867562
1831237.867562
1831237.867562
1831237.867562
1831237.867562
1831237.867562
1831237.867562
1831237.867562
1831237.867562
1831237.867562
1831237.867562
1831237.867562
1831237.867562
1831237.867562
1831237.867562
1831237.867562
1831237.867562
1831237.867562
1831237.867562
1831237.867562
1831237.848683
1831237.848683
1831237.848683
1831237.848683
1831237.848683
1831237.848683
1831237.848683
1831237.848683
1831237.848683
1831237.848683
1831237.848683
1831237.848683
1831237.848683
1831237.848683
1831237.848683
1831237.848683
1831237.848683
1831237.848683
1831237.848683
1831237.848683
1831237.848683
1831237.848683
1831237.848683
1831237.848683
1831237.848683
1831237.848683
1831237.848683
1831237.848683
1831237.848683
1831237.848683
1831237.848683
1831237.848683
1831237.848683
1831237.848683
1831237.848683
1831237.848683
1831237.848683
1831237.848683
1831237.848683
1831237.848683
1831237.848683
1831237.848683
1831237.848683
1831237.848683
1831237.848683
1831237.848683
1831237.848683
1831237.848683
1831237.848683
1831237.848683
1831237.848683
1831237.848683
1831237.848683
1831237.848683
1831237.848683
1831237.848683
1831237.848683
1831237.848683
1831237.848683
1831237.848683
1831237.848683
1831237.848683
1831237.848683
1831237.848683
1831237.848683
1831237.848683
1831237.848683
1831237.848683
1831237.848683
1831237.848683
1831237.848683
1831237.848683
1831237.848683
1831237.848683
1831237.848683
1831237.848683
1831237.848683
1831237.848683
1831237.848683
1831237.848683
1831237.848683
1831237.848683
1831237.848683
1831237.848683
1831237.848683
1831237.848683
1831237.848683
1831237.848683
1831237.848683
1831237.848683
1831237.848683
1831237.848683
1831237.848683
1831237.848683
1831237.848683
1831237.848683
1831237.848683
1831237.848683
1831237.848683
1831237.848683
1831237.848683
1831237.848683
1831237.848683
1831237.848683
1831237.848683
1831237.848683
1831237.848683
1831237.848683
1831237.848683
1831237.848683
1831237.848683
1831237.848683
1831237.848683
1831237.848683
1831237.848683
1831237.848683
1831237.848683
1831237.848683
1831237.848683
1831237.848683
1831237.848683
1831237.848683
1831237.848683
1831237.848683
1831237.848683
1831237.848683
1831237.848683
1831237.848683
1831237.848683
1831237.848683
1831237.848683
1831237.848683
1831237.848683
1831237.848683
1831237.848683
1831237.848683
1831237.848683
1831237.848683
1831237.848683
1831237.848683
1831237.848683
1831237.848683
1831237.848683
1831237.848683
1831237.848683
1831237.848683
1831237.848683
1831237.848683
1831237.848683
1831237.848683
1831237.848683
1831237.848683
1831237.848683
1831237.848683
1831237.848683
1831237.848683
1831237.848683
1831237.848683
1831237.848683
1831237.848683
1831237.848683
1831237.848683
1831237.848683
1831237.848683
1831237.848683
1831237.848683
1831237.848683
1831237.848683
1831237.848683
1831237.848683
1831237.848683
1831237.848683
1831237.848683
1831237.659201
1831237.620313
1831237.620313
1831237.573753
1831237.573753
1831237.573753
1831237.573753
1831237.573753
1831237.573753
1831237.566032
1831237.566032
1831237.566032
1831237.566032
1831237.497495
1831237.497495
1831237.497495
1831237.497495
1831237.497495
1831237.497495
1831237.497495
1831237.497495
1831237.497495
1831237.497495
1831237.497495
1831237.497495
1831237.497495
1831237.497495
1831237.497495
1831237.497495
1831237.497495
1831237.497495
1831237.497495
1831237.497495
1831237.497495
1831237.497495
1831237.497495
1831237.497495
1831237.497495
1831237.497495
1831237.497495
1831237.497495
1831237.497495
1831237.497495
1831237.497495
1831237.497495
1831237.497495
1831237.497495
1831237.497495
1831237.497495
1831237.497495
1831237.497495
1831237.497495
1831237.497495
1831237.497495
1831237.497495
1831237.497495
1831237.497495
1831237.497495
1831237.497495
1831237.497495
1831237.497495
1831237.497495
1831237.497495
1831237.497495
1831237.497495
1831237.497495
1831237.497495
1831237.497495
1831237.497495
1831237.497495
1831237.497495
1831237.497495
1831237.497495
1831237.497495
1831237.497495
1831237.497495
1831237.497495
1831237.497495
1831237.497495
1831237.497495
1831237.497495
1831237.497495
1831237.497495
1831237.497495
1831237.497495
1831237.497495
1831237.497495
1831237.497495
1831237.497495
1831237.497495
1831237.497495
1831237.497495
1831237.497495
1831237.497495
1831237.497495
1831237.497495
1831237.497495
1831237.497495
1831237.497495
1831237.497495
1831237.497495
1831237.497495
1831237.497495
1831237.497495
1831237.497495
1831237.497495
1831237.497495
1831237.497495
1831237.497495
1831237.497495
1831237.497495
1831237.497495
1831237.497495
1831237.497495
1831237.497495
1831237.497495
1831237.497495
1831237.497495
1831237.497495
1831237.497495
1831237.497495
1831237.497495
1831237.497495
1831237.497495
1831237.497495
1831237.497495
1831237.497495
1831237.497495
1831237.497495
1831237.497495
1831237.497495
1831237.497495
1831237.497495
1831237.497495
1831237.497495
1831237.497495
1831237.497495
1831237.497495
1831237.497495
1831237.497495
1831237.497495
1831237.497495
1831237.497495
1831237.497495
1831237.497495
1831237.497495
1831237.497495
1831237.497495
1831237.497495
1831237.497495
1831237.497495
1831237.497495
1831237.497495
1831237.497495
1831237.497495
1831237.497495
1831237.497495
1831237.497495
1831237.497495
1831237.497495
1831237.497495
1831237.497495
1831237.497495
1831237.497495
1831237.497495
1831237.497495
1831237.497495
1831237.497495
1831237.497495
1831237.497495
1831237.497495
1831237.497495
1831237.497495
1831237.497495
1831237.497495
1831237.497495
1831237.497495
1831237.497495
1831237.497495
1831237.497495
1831237.497495
1831237.497495
1831237.497495
1831237.497495
1831237.497495
1831237.497495
1831237.497495
1831237.497495
1831237.497495
1831237.497495
1831237.497495
1831237.497495
1831237.497495
1831237.497495
1831237.497495
1831237.497495
1831237.497495
1831237.497495
1831237.497495
1831237.497495
1831237.497495
1831237.497495
1831237.497495
1831237.497495
1831237.497495
1831237.497495
1831237.497495
1831237.497495
1831237.497495
1831237.497495
1831237.497495
1831237.497495
1831237.497495
1831237.497495
1831237.497495
1831237.497495
1831237.497495
1831237.497495
1831237.497495
1831237.497495
1831237.497495
1831237.497495
1831237.497495
1831237.497495
1831237.497495
1831237.497495
1831237.497495
1831237.497495
1831237.497495
1831237.497495
1831237.497495
1831237.497495
1831237.497495
1831237.497495
1831237.497495
1831237.497495
1831237.497495
1831237.497495
1831237.497495
1831237.497495
1831237.497495
1831237.497495
1831237.497495
1831237.497495
1831237.497495
1831237.497495
1831237.497495
1831237.497495
1831237.497495
1831237.497495
1831237.497495
1831237.497495
1831237.497495
1831237.497495
1831237.497495
1831237.497495
1831237.497495
1831237.497495
1831237.497495
1831237.497495
1831237.497495
1831237.497495
1831237.497495
1831237.497495
1831237.497495
1831237.497495
1831237.497495
1831237.497495
1831237.497495
1831237.497495
1831237.497495
1831237.497495
1831237.497495
1831237.497495
1831237.497495
1831237.497495
1831237.497495
1831237.497495
1831237.492294
1831237.492294
1831237.492294
1831237.492294
1831237.492294
1831237.492294
1831237.492294
1831237.492294
1831237.492294
1831237.492294
1831237.492294
1831237.492294
1831237.492294
1831237.492294
1831237.492294
1831237.492294
1831237.492294
1831237.492294
1831237.492294
1831237.492294
1831237.492294
1831237.492294
1831237.492294
1831237.492294
1831237.492294
1831237.492294
1831237.471306
1831237.471306
1831237.471306
1831237.471306
1831237.471306
1831237.471306
1831237.471306
1831237.471306
1831237.471306
1831237.471306
1831237.471306
1831237.471306
1831237.471306
1831237.471306
1831237.471306
1831237.471306
1831237.471306
1831237.471306
1831237.471306
1831237.471306
1831237.471306
1831237.471306
1831237.471306
1831237.471306
1831237.471306
1831237.471306
1831237.471306
1831237.471306
1831237.471306
1831237.471306
1831237.471306
1831237.471306
1831237.471306
1831237.471306
1831237.471306
1831237.471306
1831237.471306
1831237.471306
1831237.471306
1831237.471306
1831237.471306
1831237.471306
1831237.471306
1831237.471306
1831237.471306
1831237.471306
1831237.471306
1831237.471306
1831237.471306
1831237.471306
1831237.471306
1831237.471306
1831237.471306
1831237.471306
1831237.471306
1831237.471306
1831237.471306
1831237.471306
1831237.471306
1831237.471306
1831237.471306
1831237.471306
1831237.471306
1831237.471306
1831237.471306
1831237.471306
1831237.471306
1831237.471306
1831237.471306
1831237.471306
1831237.471306
1831237.471306
1831237.471306
1831237.471306
1831237.471306
1831237.471306
1831237.471306
1831237.471306
1831237.471306
1831237.471306
1831237.471306
